103.32453126189071,4.201037111832184,72.47443162627721
142.14994875078187,17.163639129926572,20.686412119291568
21.808981355776258,102.52504785200594,55.66597079221783
29.09048122620593,77.33087328080808,73.57864549298601
41.63892099631751,66.31390081329026,72.04717819039223
19.082670361870026,142.23375882622236,18.683570811907646
35.520834637195954,102.42695739892915,42.05220796387491
87.19371277362397,48.90708227114218,43.89920495523383
47.398397061633155,94.64222957938809,37.95937335897878
63.55636093426011,78.91715243170047,37.52648663403942
86.47181198926451,59.77103347779451,33.75715453294098
65.59906508387641,80.21344611163133,34.18748880449227
91.23162076794861,63.47423936420118,25.294139867850205
75.27146510420758,78.0629400497928,26.665594845999625
77.0498938697562,76.88762813692873,26.062477993315067
70.18059414090206,86.04222005178687,23.777185807311053
38.82541748889115,137.620864639032,3.5537178720768416
81.5155499061145,94.77147915453251,3.712970939352999
74.23405003568487,101.5218764376853,4.244073526629882
61.68561026557334,114.13803809306705,4.176351641359556
84.24186090002081,93.45944136056615,2.298697739413065
67.80369662469484,109.34665987679348,2.849643498511686
16.130818488266787,162.6622724817999,1.206909029933226
55.92613420025765,121.76374009963901,2.3101257001034443
39.76817032763069,138.4182785377506,1.8135511346189523
16.85271927262598,162.28593775367435,0.8613429736992815
37.72546617801425,140.68414238710974,1.5903914348759927
12.092910493943386,167.45037206404848,0.4567174420080077
28.053066157682945,150.9670327982157,0.9799010441016919
26.274637392134878,152.8182692461235,0.907093361741691
33.143937120989115,145.85761515190063,0.9984477271104459
120.34096739500563,35.45836850594015,24.200664099054215
113.05946752457595,37.18169565958567,29.75883681583837
100.51102775446438,43.11232592691579,36.376646318619855
123.06727838891194,40.46056622833603,16.47215538275207
106.62911411358594,48.119146340801905,25.251739545612153
54.95623597715789,76.64313284944427,48.40063117339786
94.75155168914876,59.0178550197663,26.230593291084947
78.59358781652176,71.88076947191784,29.5256427115604
55.67813676151736,91.84364959282885,32.47821364565379
76.55088366690546,75.92993141266233,27.519184920432227
50.91832798283328,106.60638344559722,22.4752885715695
66.87848364657427,90.59124619824937,22.530270155176392
65.1000548810257,92.7887076798442,22.1112374391301
71.96935460987983,88.30791798631442,19.722727403805766
7.2814998704296725,36.65496867054407,136.06353145902628
19.829939640541266,49.73122462022801,110.43883573923071
2.7263109939064796,172.87498365109798,4.398705354995674
13.711853281419675,124.13023793875408,42.1579087798262
65.38473141784776,53.564138192034484,61.05113039011776
25.589415705856915,111.75441933877916,42.656164955363934
41.747379578483866,91.0586040637436,47.19401635777255
64.66283063348827,69.81054324623507,45.52662612027665
43.79008372810018,93.95135846661988,42.258557805279935
69.42263941217236,77.17905129730768,33.398309290519975
53.46248374843134,93.77974118416135,32.75777506740731
55.24091251397995,92.56685024104654,32.19223724497351
48.37161278512581,104.01152395991036,27.61686325496382
12.54843977011157,69.66557674037047,97.78598348951793
10.007810864335958,159.00177715755302,10.99041197811107
6.430353410990047,159.27993789406543,14.289708694944565
58.103231547418076,64.36375772947964,57.53301072310228
18.307915835427224,135.68049828711514,26.01158587745762
34.46587970805418,108.84217119256901,36.69194909937681
57.381330763058614,82.2181166438866,40.400552593054805
36.508583857670494,110.61414426832147,32.877271874008045
62.14113954174269,88.80610294225009,29.05275751600723
46.180983878001655,107.3785430398859,26.440473082112465
47.95941264355027,105.84683045761732,26.193756898832422
41.09011291469614,117.53177599180817,21.378111093495697
22.556250634447533,137.59379978752324,19.849949578029214
6.118086359121629,162.3052655417284,11.57664809915004
45.554791777306484,75.43910089273213,59.00610732996141
5.75947606531559,165.9461533232063,8.294370611478234
21.91743993794259,131.4976573219708,26.584902740086658
44.832890992947,97.28047543087797,37.886633576175036
23.96014408755888,131.94393886867297,24.095917043768132
49.592699771631096,103.90620713847335,26.50109308989557
33.63254410789003,125.22336317701419,21.144092715095773
35.41097287343869,123.3098757628009,21.27915136376041
28.541673144584575,135.688905724591,15.769421130824442
16.438164275326002,38.78376857279345,124.77806715188058
68.11104241175403,33.79829207791414,78.09066551033182
28.315726699763175,57.730908386005666,93.95336491423117
44.47369057239014,55.96818277281972,79.55812665479014
67.38914162739455,47.527534153984966,65.08332421862049
46.51639472200643,61.0124368539781,72.47116842401545
72.14895040607864,57.49894293470744,50.35210665921393
56.1887947423376,68.90613316266786,54.90507209499453
57.96722350788623,68.61033510070956,53.42244139140422
51.0979237790321,79.46910078196066,49.432975439007244
51.672878136428054,47.40378742344422,80.92333444012772
11.877562424437167,110.95599313200327,57.16644444355954
28.035526297064138,87.28088853195423,64.68358517098162
50.95097735206856,68.38696767196248,60.66205497596895
30.078230446680468,93.88059637713347,56.041173176186064
55.71078613075266,80.86409031789393,43.42512355135341
39.75063046701163,98.89287293968107,41.35649659330733
41.52905923256024,97.80702931678654,40.66391145065322
34.659759503706134,112.30550739716007,33.03473309913381
39.79531571199086,98.6686950222336,41.535989265775534
23.637351839363912,121.05750595042423,35.305142210211876
0.7219007843595481,177.60240191870847,1.6756972969320016
21.59464768974759,130.11328971482945,28.292062595422983
4.0379079943247085,171.6281923855295,4.333899620145843
11.922247669416409,156.70802269525106,11.369729635332545
10.143818903867889,160.38002274662225,9.476158349509907
17.013118632721948,150.4915615614338,12.495319805844298
16.157963872626983,80.75474940258532,83.08728672478773
39.07341492763138,67.135921080217,73.79066399215164
18.20066802224328,94.76000654916383,67.0393254285929
43.83322370631545,85.66969460617167,50.49708168751286
27.873068042574456,106.74932068348448,45.377611273941085
29.65149680812305,105.59278511922611,44.755718072650836
22.78219707926894,124.59710038192652,32.620702538804565
22.91545105500441,73.53981808450472,83.54473086049087
2.0427041496164295,156.1772255732922,21.780070277091536
27.67525983368849,104.05220922439037,48.27253094192115
11.715104169947491,139.78768523925743,28.49721059079511
13.493532935496075,136.46924673031342,30.037220334190494
6.624233206641948,161.37165448102695,12.004112312331044
20.8727469053881,97.6358354654721,61.491417629139804
4.7598087786840475,161.91051733187663,13.329673889439283
11.200346885056952,144.03742572585944,24.762227389083648
9.421918119508277,150.13328727045518,20.444794610036503
16.29121784836244,139.75668971955528,23.952092432082285
25.632555684072184,98.4288448241973,55.938599491730514
9.672400020331164,137.1824186974867,33.145181282182136
11.450828785879736,133.58380007301795,34.96537114110226
4.581529057025614,164.49993684860823,10.918534094366157
15.960155663740995,90.1852252139965,73.8546191222625
14.18172689819239,95.7919202331274,70.02635286868019
21.051026627046554,103.60671722864656,55.34225614430693
1.7784287655483937,117.3647895915832,60.85678164286819
5.090870963305548,142.3440285660341,32.565100470660404
6.869299728854125,129.02414587055517,44.10655440059069
12.962602018094438,149.90470373469083,17.132694247214744
98.32401074017386,22.29704752825531,59.378941731570826
73.129836168976,29.047444811408162,77.82271901961585
62.11286370145818,41.66360646678999,76.22352983175182
138.0327217143903,20.98500973428902,20.982268551320683
98.22592028709707,36.87222825051635,44.90185146238659
44.7060451593101,90.18784085552278,45.10611398516712
90.44119246755601,49.28930847336187,40.26949905908213
74.7161153198684,65.94384691147347,39.34003776865814
55.569996365962425,89.8115061273969,34.618497506640686
76.01240899979923,68.20971076083246,35.777880239368294
59.27320225236912,94.97594043777258,25.750857309858322
73.86190293796072,78.49260117193833,27.64549589010098
72.68659102509665,80.34383761984664,26.969571355056733
81.8411829399548,73.38318352562392,24.775633534421306
85.36140872207942,14.771956386648556,79.86663489127203
60.16723415088152,16.495283540294086,103.3374823088244
49.15026168336373,22.42591380762421,108.42382450901208
125.07011969629585,19.774154109044446,35.1557261946597
85.26331826900262,27.43273422151033,67.30394750948705
31.74344314121563,55.956720730152675,92.2998361286317
77.47859044946156,38.331442900474734,64.18996665006372
61.75351330177394,51.19435735262624,67.05212934559982
42.607394347867974,71.15723747353726,66.23536817859477
63.04980698170478,55.24351929337074,61.70667372492448
46.310600234274645,85.91997132630564,47.76942843941971
60.89930091986624,69.90483407895775,49.19586500117601
59.7239890070022,72.10229556055262,48.17371543244519
68.87858092186033,67.62150586702283,43.49991321111682
25.19417457119787,92.32093946276187,62.48488596604027
36.21114703871568,105.39719541244585,38.39165754883849
39.708710974216444,117.20901285888037,23.082276166903174
0.0980904530769828,179.79620873097576,0.10570081594700755
53.617965580863775,109.23010898425231,17.15192543488393
7.882818272617857,167.420390130997,4.696791596385165
23.60789542030544,146.72457485596144,9.667529723733077
42.754014374211444,125.47651403845289,11.76947158733568
22.31160174037461,149.6173292588377,8.071069000787672
39.05080848780473,132.84502208952554,8.104169422669655
24.46210780221315,149.4457119763792,6.092180221407694
25.63741971507716,148.2328210332644,6.129759251658462
16.48282780021899,159.67749475212827,3.839677447652738
11.01697246751782,143.24422223335654,25.738805299125683
64.90288554541432,85.42313166456704,29.673982790018638
25.09608411812107,127.14141661294855,27.762499268930384
28.423791009665912,137.94240322246566,13.63380576786849
17.311356298579984,150.74085621989886,11.94778748152117
1.5862791508921434,177.5791833144452,0.8345375346617877
17.559839803013595,155.7967621368726,6.643398060113902
2.8825728308231784,175.80721023869245,1.3102169304846
13.8566339166068,162.3847484352362,3.7586176481568567
0.7320667689842869,179.04281146712827,0.2251217638850104
0.4432451438761042,179.4254759506075,0.1312789055192311
8.711346770978691,168.889578515206,2.3990747138151765
75.91985801293212,65.54662159713102,38.53352038993685
36.113056585638894,90.2580873513362,53.62885606302492
17.40681854214811,147.4862790831243,15.106902374727584
28.328328766097822,122.00666848640162,29.665002747500576
12.6032516184102,156.45516448763703,10.94158389395278
6.542867335495769,169.32765362127014,4.129479043234057
13.899545298341078,156.0088829409348,10.091571760724143
2.8396614490891814,175.95338532886538,1.2069532220452373
11.749039236502513,162.72945863259366,5.52150213090385
10.573727323638408,164.64294604680697,4.783326629554685
19.72831923849665,152.26391608501677,8.007764676486678
39.80680142729322,57.46733938470108,82.7258591880057
93.32667655508023,52.48186288982178,34.19146055509799
47.591529246834305,76.4144791979133,55.99399155525241
63.3166063945219,74.65175358472737,42.03164002075075
82.4627253484279,66.21110496589259,31.32616968567952
62.02031271459107,79.69600766588576,38.283679619523205
78.7595194620212,76.18251374661509,25.057966791363732
64.17081877642958,87.5897039745755,28.239477248994916
65.34613068929364,87.2939059126172,27.35996339808913
56.191538774435514,98.15267159386829,25.655789631696212
53.519875127787,89.45599538731909,37.0241294848939
7.784727819541069,153.00820109587815,19.20707108458079
23.509804967228664,129.33309649582912,27.157098536942204
42.65592392113466,110.43917563583737,26.90490044302799
22.213511287297845,135.93280434100834,21.853684371693817
38.95271803472797,122.9162982817688,18.13098368350319
24.364017349136365,140.94508090355595,14.690901747307676
25.53932926200041,139.85923728066146,14.601433457338157
16.38473734714227,154.357715361035,9.257547291822782
45.73514730824591,54.769490066999786,79.4953626247543
30.010070160558307,77.15830099519043,72.83162884425127
10.86395120665235,133.70319696347508,35.43285182987261
31.30636384048915,86.21408475959561,62.47955139991524
14.567157093059013,144.47260265923654,20.96024024770445
29.15585777865062,112.80881774001719,38.0353244813322
27.980545865786578,116.4808177913885,35.53863634282492
37.13513778064472,106.5923566062,36.27250561315531
15.725077147687614,118.71412276156411,45.56080009074829
34.87119610159358,105.09529443919578,40.03350945921065
14.428783467756746,132.7193799081426,32.851836624100656
31.16799021518689,123.62906796515045,25.202941819662666
16.579289529595265,144.70869404246324,18.712016427941457
17.75460144245931,143.55215847820494,18.693240079335734
8.600009527601197,162.55647374090532,8.843516731493464
19.14611895390599,111.06630471854412,49.78757632754991
1.296293679931102,166.29628779266824,12.407418527400951
15.442913067499289,141.57869585842977,22.978391074070913
0.8542123819079662,177.3141718732967,1.8316157447956203
2.029524294771625,173.99573336435287,3.9747423408755345
7.1250676200864245,161.1018588849336,11.773073494980013
20.442412633836824,63.87868093253112,95.67890643363206
3.703205886406734,164.33232813518237,11.964465978410969
18.291906571998304,110.28027119291842,51.4278222350833
17.116594659134257,116.37613273751425,46.507272603351524
26.27118657399239,105.99953518661431,47.72927823939332
16.739206747430128,132.61633362868957,30.644459623880284
2.150506061838437,171.36990750197896,6.47958643618249
3.3258179747025443,167.77128887751033,8.902893147787076
5.828773940155564,161.31257434689948,12.858651712944987
14.588700685591574,64.89108534614624,100.52021396826215
13.41338877272754,70.49778036527721,96.08883086199525
22.56798068758569,78.31257736079634,79.11944195161799
1.1753119128639868,144.03038443758334,34.79430364955264
7.979280001994095,115.67843372003455,56.34228627797137
9.154591914858187,102.96166787724009,67.88374020790177
127.6076562064355,31.904650633863323,20.487693159701188
120.85725892328261,33.62797778750885,25.51476328920852
108.24109726790081,39.558608054838956,32.20029467726025
128.91969400040182,36.90684835625918,14.173457643339011
113.03247548417447,44.565428468725074,22.402096047100443
59.71686287916803,73.08941497736743,47.19372214346456
100.61539526132896,55.46413714768947,23.920467590981584
83.96085682321733,68.32705159984097,27.71209157694168
60.09319760729391,88.289931720752,31.61687067195408
81.69499297385835,72.37621354058548,25.928793485556177
54.92876329691821,103.0526655735204,22.018571129561398
71.41210256275247,87.0375283261725,21.550369111075042
69.56086611484419,89.23498980776736,21.204144077388477
76.52152020906688,84.75420011423759,18.724279676695545
6.7503972831528225,32.94199773119109,140.30760498565607
19.366558938534652,46.018253680875034,114.61518738059029
1.3120377939663659,176.5879545904509,2.100007615582728
14.57518072226103,120.4172669994011,45.00755227833788
67.89079332726747,49.851167252681485,62.25803942005105
26.992260945106548,108.04144839942617,44.966290655467304
43.646799383218145,87.34563312439059,49.00756749239128
67.51445859914159,66.09757230688206,46.387969093976366
45.912663232577145,90.23838752726688,43.848949240155974
72.67889290951724,73.46608035795468,33.855026732528074
56.195553643683006,90.06677024480834,33.73767611150866
58.046790091591305,88.85387930169352,33.099330606715164
51.086135997368594,100.29855302055739,28.615310982074043
12.61616165538183,65.42150321374066,101.9623351308775
8.062435077119185,163.2458506841828,8.691714238698056
7.824783439108199,155.03586436743558,17.139352193456233
61.140396044114624,60.11968420284981,58.739919753035565
20.241863661953705,131.4364247604853,28.32171157756097
36.8964021000653,104.59809766593918,38.50550023399553
60.76406131598875,77.97404311725677,41.2618955667545
39.1622659494243,106.37007074169162,34.467663308884084
65.9284956263644,84.56202941562027,29.509474958015335
49.44515636053017,103.13446951325604,27.4203741262138
51.296392808438455,101.60275693098748,27.10085026057404
44.335738714215736,113.28770246517836,22.376558820605915
20.678596732500985,141.77015142888283,17.5512518386162
4.79137821627367,166.48161718308796,8.727004600638361
48.52423438873279,71.26274925137251,60.21301635989471
7.625702006571838,161.7698016818466,10.60449631158152
24.280240444683464,127.32130568061119,28.39845387470536
48.14789966060691,93.10412378951837,38.74797654987474
26.546104294042458,127.76758722731337,25.686308478644154
53.31233397098258,99.72985549711376,26.95781053190365
36.82899470514832,121.04701153565456,22.123993759197113
38.68023115305662,119.13352412144133,22.18624472550206
31.719577058833913,131.51255408323144,16.767868857934676
15.887218516227373,36.4850708333804,127.62771065039229
69.20283112123379,31.4995943385011,79.29757454026512
28.30429873907286,55.432210646592615,96.26349061433453
44.958837177184456,53.66948503340668,81.37167778940886
68.8264963931079,45.22883641457192,65.94466719232021
47.224701026543464,58.713739114565065,74.06155985889148
73.99093070348357,55.20024519529441,50.80882410122202
57.50759143764931,66.60743542325481,55.88497313909588
59.358827885557616,66.31163736129652,54.329534753145865
52.398173791334905,77.17040304254763,50.43142316611748
53.31561260500645,44.554143924932525,82.130243470061
12.41708022284549,108.10634963349159,59.4765701436629
29.071618660957114,84.43124503344254,66.49713630560035
52.93927787688055,65.53732417345078,61.52339794966867
31.33748251031613,91.03095287862178,57.631564611062124
58.103712187256235,78.01444681938226,43.8818409933615
41.62037292142198,96.04322944116936,42.336397637408666
43.471609369330274,94.95738581827486,41.571004812394875
36.51095527510756,109.45586389864842,34.03318082624406
40.898532382160916,99.8756040521669,39.225863565672185
24.243993944049336,122.26441498035751,33.49159107559315
0.3763347281258978,178.80931094864027,0.8143543232333377
21.978130094690314,131.32019874476273,26.701671160546976
4.788099582249755,170.42128335559647,4.790617062153774
11.695239683584477,157.91493172518432,10.389828591231257
9.844003235676222,161.58693177655562,8.569064987768256
16.804657329898834,151.69847059136714,11.496872078733995
16.654538438111594,78.44462370248195,84.90083785940645
40.52219765403502,64.82579538011363,74.65200696585134
18.92040228747058,92.44988084906045,68.62971686346894
45.68663196441071,83.35956890606835,50.95379912952096
29.20329269857645,104.43919498338111,46.35751231804244
31.054529146484743,103.28265941912278,45.66281143439249
24.093875052262025,122.28697468182321,33.61915026591478
23.867659215923425,71.72626694988598,84.4060738341906
2.26586384935895,154.36367443867334,23.370461711967643
29.032093526299125,102.23865808977166,48.729248383929225
12.548754260464882,137.97413410463867,29.477111634896474
14.399990708373158,134.65569559569474,30.94431369593212
7.439336614150449,159.55810334640827,13.002560039441311
21.60179536656443,98.4971784391718,59.90102619426375
5.164434310375678,161.04917435817708,13.786391331447195
11.318904955458553,144.89876869955916,23.782326344982316
9.467668507550274,150.99463024415496,19.537701248294805
16.428322601772972,140.61803269325506,22.95364470497203
26.76622967694012,96.8384533893213,56.39531693373859
10.282890411105884,135.59202726261066,34.1250823262835
12.134126859014172,131.99340863814197,35.87246450284388
5.17347276479147,162.90954541373236,11.916981821476226
16.48333926583427,90.64194265600455,72.87471807816121
14.632102817925965,96.24863767513548,69.11925950693858
21.59275691214867,104.06343467065464,54.343808417196705
1.8512364479083265,116.38488854748213,61.76387500460957
5.109417646314512,143.32392961013556,31.56665274355003
6.960654094222738,129.93123923229686,43.10810667348042
1.723327153645609,12.454304571489724,165.82236827486477
7.653957420975683,25.530560521173815,146.81548205785055
5.002197722395905,162.92435224984766,12.073450027756547
12.660777834861769,99.9295738396999,67.40964832543834
41.18476434350412,29.363474092980272,109.45176156351562
23.55948651382617,87.55375523972496,68.88675824644888
36.422400965977666,66.85793996468938,76.71965906933295
56.38528108688869,45.60987914718087,78.00483976593044
40.47156290672218,69.75069436756569,69.77774272571214
71.14801493965707,52.97838719825346,55.87359786208946
55.13287769230917,69.57907708510713,55.28804522258369
57.33033917390405,68.36618614199233,54.30347468410363
52.849549480374264,79.81085986085617,47.33959065876957
5.930630267330072,39.90673992453217,134.16262980813772
3.278870568750355,171.23938602660868,5.481743404641145
10.937450681216246,129.52110107822713,39.54144824055663
39.4614371898586,34.60492091364129,105.93364189650013
21.836159360180666,105.9216614712768,52.24217916854255
34.69907381233217,79.08333437673065,66.2175918109372
54.66195393324319,52.459279828048246,72.87876623870858
38.74823575307667,80.8553074524831,60.39645679444023
69.42468778601156,59.04726612641173,51.528046087576726
53.40955053866367,77.61970622404749,48.97074323728883
55.60701202025854,76.08799364177895,48.30499433796252
51.126222326728744,87.77293917596981,41.10083849730143
2.6517596985797542,173.97044610614319,3.377794195277174
5.006820413886138,161.31808813965176,13.675091446462107
33.53080692252849,39.06245457411226,107.40673850335926
15.905529092850523,129.56950700458634,34.524963902563115
28.768443545002025,95.1210110033509,56.11054545164705
48.73132366591307,60.903829112258116,70.36484722182882
32.81760548574654,95.56729255005312,51.61510196420035
63.49405751868145,67.5295608198535,48.976381661465055
47.478920271333536,88.84671685839429,43.67436287027218
49.676381752928414,86.93322944418105,43.39038880289054
45.19559205939865,99.31225940597118,35.4921485346302
7.658580112465924,22.311613190041356,150.0298066974928
36.18256662110821,17.3261366951621,126.4912966837297
18.557288791430285,41.258753003253574,120.18395820531613
31.4202032435818,39.496027390067646,109.08376936635058
51.383083364492826,31.055378771232885,97.5615378642743
35.469365184326286,44.54028147122604,99.99035334444767
66.1458172172612,41.02678755195539,72.82739523078344
50.13067996991329,52.433977779915786,77.43534225017093
52.328141451508166,52.138179717957506,75.53367883053434
47.84735175797839,62.9969453992086,69.15570284281303
28.52398650864235,22.152047877832064,129.32396561352556
10.898708678964432,85.70425358639113,83.39703773464447
23.761623131115897,62.02914898634205,94.20922788254204
43.72450325202692,43.13522812635033,93.14026862162275
27.8107850718604,68.62885683152132,83.56035809661829
58.48723710479531,55.612350772281786,65.90041212292292
42.472099857447404,73.64113339406889,63.88676674848371
44.669561339042275,72.55528977117439,62.77514888978334
40.188771645512496,87.05376785154792,52.75746050293958
17.62527782967794,147.0693261956315,15.305395974690558
4.76236337752645,169.45813712382193,5.779499498651438
15.20051674338459,133.99696690789324,30.802516348722172
0.7132014367816472,178.5139208882279,0.7728776749907326
29.963250596152974,123.22756121213177,26.809188191715247
13.948113348805114,154.8913461313511,11.160540519843833
16.14557483039995,151.21934607997983,12.635079089620227
11.664785136870155,161.10780726516836,7.227407597961455
12.862914452151516,54.524156111500325,112.61292943634818
32.82579457306252,40.905327789132045,106.26887763780545
16.912076392896005,68.52941325807888,94.55851034902513
47.58852842583091,59.43910131508674,72.97237025908235
31.57339117848302,80.5187273923995,67.9078814291175
33.77085266007789,79.36219182814118,66.86695551178094
29.290062966548113,98.36650709084158,52.343429942610314
19.962880120911027,44.01417537294433,116.02294450614467
4.0491619407443995,126.65158286173188,49.299255197523635
34.725613973679394,74.52656651282997,70.74781951349063
18.710476726331525,110.26204252769698,51.02748074597152
20.90793820792637,106.94360401875305,52.14845777332057
16.42714851439658,131.84601176946657,31.726839716136833
15.913718180166537,130.11404911112592,33.972232708707566
14.762733852768365,129.4323036862229,35.80496246100872
1.2524033945797601,176.51563937151275,2.231957233907687
0.9450580870152331,177.38849908389093,1.6664428290939692
3.5357316065143456,172.23490336520914,4.229365028276391
30.676452032934908,70.9096599037651,78.4138880633
14.661314785587013,109.66323377705444,55.67545143735858
16.858776267181863,106.06461515258577,57.07660858023237
12.377986573652114,136.98075192817606,30.641261498171858
16.0151372473479,112.66051378556594,51.32434896708616
13.817675765753027,118.26720880469689,47.91511542955008
18.29846545928282,126.08200580021604,35.619528740501146
2.1974614815950138,94.83451943640722,82.9680190819979
2.2833282119348013,164.87429872121066,12.842373066854416
4.480789693529808,151.13538330968532,24.38382699678492
13.076255949683949,154.2708918006032,12.652852249712794
150.47004767835773,22.938245698526785,6.59170662311545
87.47526926821007,64.65653064690825,27.868200084881682
16.909169521490423,159.5727108114941,3.5181196670154664
75.0994506682351,88.25597025385859,16.644579077906336
54.40363539319954,115.09429734840471,10.502067258395755
33.155574575691084,141.71835189708705,5.126073527221923
57.29638979607585,113.32232427265225,9.381285931271929
40.524082626763615,135.13036559872364,4.345551774512793
57.12477251361729,116.55792550108785,6.317301985294872
55.91188157050245,118.08963808335643,5.998480346141083
67.3565552893663,106.40469254916556,6.238752161468141
137.3937917286738,27.15496404829253,15.451244223033688
74.39901331852609,51.86642980249772,53.73455687897621
3.8329135718066287,174.1220633680371,2.045023060156181
62.023194718551125,83.61501093756314,34.361794343885755
41.32737944351555,118.06350693879855,20.6091136176859
20.079318626007044,152.28068882989135,7.639992544101626
44.22013384639186,117.61722539209634,18.16264076151181
27.447826677079696,145.65495712229588,6.897216200624317
44.0485165639333,124.33780108375518,11.61368235231152
42.835625620818504,126.25128849796839,10.913085881213085
54.28029933968238,113.87225853617824,11.847442124139366
62.99477841014769,34.3850632177979,82.62015837205442
133.56087815686732,29.399586722918617,17.03953512021406
75.37059701012265,53.33220303101012,51.297199958867246
96.06641228515821,51.569477417824196,32.36411029701762
117.31447310266674,43.12882879898941,19.556698098343844
93.17365788228193,56.613731498982574,30.212610618735507
109.94596505159416,53.100237579711894,16.95379736869394
93.34527516474044,64.50742780767233,22.147297027587204
94.55816610785527,64.21162974571402,21.230204146430722
83.11349238899146,75.0703954269651,21.816112184043437
70.56609974671963,89.56169620327039,19.872204050009977
12.375818599974957,153.11390191182943,14.510279488195605
33.0716338750105,129.43879731178043,17.4895688132091
54.319694692519036,110.54487645178865,15.135428855692307
30.178879472134227,136.03850515695964,13.782615370906129
46.95118664144648,123.02199909772004,10.02681426083345
30.350496754592772,141.05078171950723,8.598721525899945
31.56338769770758,139.9649380966127,8.471674205679719
20.118713978843807,154.4634161769862,5.417869844170001
58.190281146744674,37.61756463211585,84.19215422113948
37.49446587170911,60.00637556030649,82.49915856798441
16.2464050542006,116.55127152859113,47.2023234172083
40.3872202745854,69.06215932471167,70.55062040070291
23.614913105273178,127.32067722435258,29.06440967037423
40.21560299212686,95.65689230513325,44.12750470273989
39.00271204901205,99.32889235650455,41.66839559448339
50.447385767875886,89.44043117131606,40.11218306080808
20.695815275035567,123.41091435794925,35.89327036701516
41.943876092544095,109.79208603558094,28.264037871874976
17.803060872159275,137.41617150452777,24.780767623312965
34.57536804147151,128.3258595615356,17.098772396992885
17.974678154617813,149.4054856388484,12.619836206533796
19.18756909773261,148.24895007459008,12.56348082767733
7.742895378868897,167.25326533729037,5.003839283840784
21.24806081750853,120.73383444227727,38.018104740214234
2.892754402876271,156.62875806893518,20.478487528188513
13.879552766435957,151.24622558216288,14.874221651401212
2.72113712041784,173.01829840297012,4.26056447661214
1.508246177302914,176.33673691191376,2.155016910783242
12.952919896166833,151.43432916120042,15.612750942632774
24.140815220384834,52.109209345195445,103.74997543441974
7.368508051072644,152.56285654784662,20.068635401080783
23.96919793792627,98.51079960558275,57.520002456490985
22.756306994811457,104.60666115017857,52.63703185500998
34.200980713675314,94.23006359927862,51.568955687046085
16.77230716931222,140.68740262947722,22.540290201210556
0.17161728245687666,179.44097650276728,0.3874062147733553
1.3845082255731105,175.8423578782979,2.77313389612865
10.060165493290489,153.24150534611178,16.69832916059775
16.60068988685364,56.786915923476506,106.61239418966983
15.387798943738824,62.39361094260744,102.21859011365369
26.832472662602708,70.20840793812657,82.95911939927073
1.2128909431148072,150.12256465899083,28.66454439789438
10.231782775749004,109.58625349862683,60.18196372562415
11.444673718863779,96.83190862558165,71.72341765555453
131.33264610207647,39.807816298005335,8.859537599918248
89.61436115369496,64.51928205221053,25.86635679409453
5.301819010891011,173.22508438224972,1.473096606858943
66.01492154674463,96.26786318727594,17.717215265979434
39.17659445219851,130.71635918851135,10.107046359290111
12.552539903515964,164.93354107960428,2.5139190168796395
40.94856752795094,130.27007764180917,8.78135483023989
19.140526201879787,158.3078093720085,2.551664426111545
37.712966299515344,136.990653333468,5.296380367016652
36.18125371724688,138.90414074768114,4.914605535071968
47.86619925143777,126.52511078589096,5.608689962671225
41.71828494838147,27.793356594682425,110.48835845693611
136.63446511296732,22.80788009980316,20.55765478722957
65.31772455533181,46.740496407894646,67.94177903677355
92.15605164987792,44.97777079470872,42.866177555413365
118.78010619856035,36.537122175873954,24.682771625565678
90.3840785741255,50.02202487586711,39.59389655000741
112.1921199001969,46.50853095659642,21.299349143206715
93.61967980256107,57.91572118455685,28.4645990128821
95.15139238482963,57.61992312259854,27.228684492571826
83.46644685063879,68.47868880384964,28.054864345511564
94.91618016458587,61.693496118388694,23.39032371702545
23.599439606950344,125.24570182694772,31.15485856610194
50.43776670149645,101.57059722689873,27.99163607160483
77.06182125017885,82.67667636690699,20.26150238291416
48.66579362574401,108.17030507207797,23.163901302178058
70.47383495181543,95.15379901283838,14.372366035346177
51.9013948541796,113.18258163462554,14.916023511194867
53.433107436448175,112.096738011731,14.470154551820823
41.748161902257344,126.59521609210454,11.656622005638129
71.31674055763551,41.13568429913134,67.54757514323315
44.478413463089375,63.524495227321985,71.99709130958865
17.854358914406948,120.06939119560663,42.07624988998641
46.25038653884182,72.58027899172717,61.169334469431014
24.442345212770462,130.83879689136808,24.718857895861486
43.01478531040624,99.17501197214874,37.81020271744504
41.4830727281377,102.84701202352004,35.66991524834227
53.16801826232853,92.95855083833155,33.87343089933995
26.83832709454613,106.76633528004295,46.39533762541092
53.46238164322853,93.14750695767464,33.39011139909683
25.06635401879371,120.77159242662147,34.162053554584865
46.874395344865086,111.6812804836293,21.444324171505635
28.301955247229277,132.7609065609421,18.937138191828637
29.833667829497823,131.60437099668374,18.561961173818425
18.14872229530702,150.60868625938411,11.242591445308873
26.6240545486824,110.23176718388152,43.144178267436075
1.7719730757522696,167.13082532733105,11.097201596916555
20.03606825031898,140.74415832376712,19.21977342591392
1.4636281526835067,176.4796343386343,2.056737508682602
2.99534073495171,173.16119582968997,3.8434634353580304
8.68960479923926,161.93639641959615,9.373998781164623
28.39602762443484,57.23528287241731,94.36868950314783
6.5879862983635045,157.6889300750684,15.723083626568103
25.160426395999284,103.63687313280458,51.20270047119613
23.62871381373071,109.7327346774004,46.63855150886888
35.31365934792158,99.35613712650047,45.33020352557796
21.808041326071407,131.30611669820533,26.885841975723277
3.2356012284357423,170.05969057149463,6.704708200069661
4.767313810704141,166.46107194702589,8.771614242269793
6.917631723486747,162.6227912773836,10.459576999129638
18.572440097635806,61.132467697989235,100.29509220437497
17.040727515367262,66.73916271712018,96.22010976751258
28.725673049558097,74.55395971263931,76.7203672378026
1.5317125822684838,143.8052626736958,34.663024744035646
10.153232951922313,115.90355548392168,53.94321156415602
11.684945534190872,102.83038897172277,65.48466549408639
24.711465754205143,18.933818994764216,136.35471525103065
146.96709931974465,13.948342499884909,19.08455818037044
56.46004688927058,37.88095880797645,85.658994302753
90.908542890506,36.1182331947905,52.97322391470352
125.1257247815988,27.67758457595574,27.196690642445457
90.46226134380379,41.162487275948905,48.37525138024731
118.49999307400343,37.64899335667823,23.851013569318358
97.1828370354626,49.05618358463863,33.76097937989878
99.09632444967586,48.760385522680345,32.14329002764379
86.71729448788574,59.61915120393145,33.66355430818281
122.2556335655395,35.82713932429418,21.91722711016634
31.748581135065432,99.37934503285321,48.87207383208137
66.19707713630082,75.70424043280418,38.09868243089499
100.41425902739363,56.810319572812446,22.77542139979394
65.75079558959861,82.30394827798344,31.94525613241794
93.78852731979825,69.28744221874392,16.92403046145786
72.47137128125746,87.316224840531,20.212403878211514
74.38485869547068,86.2303812176365,19.384760086892808
62.00582873368056,100.72885929801008,17.265311968309376
90.50705243047408,39.66258769227221,49.83035987725372
56.058556429238664,62.05139862046284,61.89004495029851
21.841374538145875,118.59629458874747,39.56233087310668
56.504837975940866,71.10718238486803,52.387979639191116
28.467106245741256,129.365700284509,22.16719346974979
49.78426228428206,97.7019153652896,32.513822350428356
47.8707748700688,101.3739154166609,30.755309713270297
60.2498048318589,91.48545423147242,28.26474093666868
34.44849600123541,89.04912001406352,56.502383984701076
68.6656778923282,75.4302916916952,35.9040304159766
34.00221445453322,103.054377160642,42.94340838482477
62.03994618473282,93.96406521764989,23.995988597617313
40.72279014619204,115.04369129496264,24.2335185588453
42.636277560405276,113.88715573070432,23.476566708890424
30.257247598615166,132.89147099340477,16.851281407980117
34.21718189109281,100.12472082459136,45.658097284315836
0.4462815467024314,177.23787168662076,2.315846766676953
27.591450183497386,130.63711196447704,21.77143785202559
6.274294144956695,166.37258797934393,7.353117875699366
8.187781559169883,163.05414947040003,8.758068970430108
4.191248402620102,172.04344277888652,3.7653088184933656
34.663463437795,59.749201889297076,85.58733467290793
6.62573170759538,160.20284909194837,13.171419200456283
27.942887746136186,106.15079214968435,45.90632010417946
26.029400331922943,112.24665369428018,41.72394597379688
38.40843029371305,101.87005614338027,39.72151356290671
28.037731730199617,122.52476186796547,29.43750640183494
6.720575691658839,161.27833574125475,12.001088567086443
8.634063105872027,157.67971711678612,13.686219777341808
3.744966855918089,171.40414610762375,4.850887036458294
21.317156038540794,63.68413212410088,94.99871183735833
19.403668624327548,69.29082714323184,91.30550423244063
31.782698586117657,77.105624138751,71.11167727513136
1.9134874142132032,138.5088823066794,39.57763027910737
10.46554254757688,121.19993585093845,48.334521601484695
12.379029961790112,107.7449945067948,59.87597553141511
4.985476494879332,172.18185457532482,2.8326689297960517
18.947139813212228,124.26593971611616,36.7869204706716
17.184414200026296,147.9410443161652,14.874541483808516
8.74376558119147,166.83496517615703,4.421269242651442
22.228668281184675,141.34133647098596,16.429995247829343
18.71517436191402,154.3578425302255,6.926983107860559
30.122364589874454,136.32905990843832,13.548575501687225
29.82656652791613,137.4149035313329,12.758529940750966
40.68533220916723,122.91642545095935,16.398242339873423
23.932616308091507,20.578029511901775,135.48935418000673
22.16989069490557,42.96684044009242,114.86326886500203
13.729242076070843,99.51173640837708,66.75902151555212
27.214144776063964,52.0226242044976,100.76323101943842
23.700650856793303,110.28114210413854,46.01820703906817
35.10784108475371,78.61735718491917,66.27480173032714
34.812043022795436,82.2893572362905,62.898599740914094
45.67080870404653,72.40089605110198,61.928295244851505
1.7627256131861833,174.7081143168163,3.5291600699976295
10.203374232020685,161.08928599444826,8.707339773531098
3.2815284679722128,171.286628536605,5.431842995422536
0.23196545129819546,179.6230595204045,0.14497502830179118
11.175224776662256,159.2973144022843,9.527460821053499
10.879426714703913,160.4538499665427,8.666723318753368
21.73819239595501,141.4495347038423,16.812272900202682
8.440648618834704,153.09794473929492,18.461406641870308
5.044254081158454,124.26464777191772,50.69109814692387
1.5307601618877371,176.3896641208197,2.079575717293061
12.937950389848158,140.65418810595244,26.407861504199424
12.642152327889828,143.97262661489643,23.385221057213723
23.50091800914094,119.07021886418289,37.42886312667617
13.484902699993125,32.5525112468516,133.96258605315526
9.971408780722475,133.0061584495028,37.0224327697747
21.378599008682883,78.95410150723886,79.66729948407824
21.082800946724596,85.04996305183472,73.86723600144069
31.941566627975696,74.67336550093478,73.38506787108952
3.5134939192705428,170.90001324821287,5.586492832516503
7.893696308689681,150.34641287849783,21.759890812812436
7.597898246731441,153.9450315029666,18.457070250301978
18.456663927982532,123.0288947273763,38.51444134464115
11.407190227960422,39.83311855478249,128.75969121725714
11.11139216600209,45.43981357391347,123.44879426008441
21.970157847253212,53.25461056943261,104.77523158331418
0.29579806195924097,172.2698616865801,7.434340251461664
10.562967619292829,87.43895647103969,81.9980759096675
10.858765681251079,75.60170447915097,93.53952983959795
63.552205708559015,17.7453605821059,98.70243370933511
39.87710110851,40.13417151029651,99.9887273811935
20.983180248518263,96.67906747858113,62.337752272900616
46.47680895368924,49.1899552747017,84.33323577160908
33.46030289444971,107.44847317434264,39.09122393120766
51.48908551623683,75.78468825512327,52.726226228639895
50.40324189334232,79.45668830649458,50.1400698001631
64.90171997371584,69.56822712130608,45.530052904978064
23.675104600049043,137.9211938461449,18.403701553806087
42.569025460040784,124.30236552377656,13.128609016182665
17.07539675486979,151.92645099272335,10.998152252406829
30.09190281410928,142.8361390497313,7.07195813615951
12.06312019232223,163.91576512704404,4.021114680633732
13.148963815216753,162.75922956278563,4.091806621997703
1.3495142651562309,178.23645517451433,0.4140305603282955
18.893920859991727,138.22340325548635,22.8826758845219
6.599707845179181,139.1391892557262,34.261102899094595
6.416798214060308,168.73579439537207,4.847407390567729
11.611984407726831,155.528729589761,12.859286002512183
10.526140784832288,158.8471680987049,10.626691116462755
25.024618865205856,133.9447603479914,21.03062078680275
25.493628705170998,36.97378048950314,117.5325908053259
12.477122645931464,137.42742769215437,30.095449661914195
30.505905267718568,83.37537074989044,66.118723982391
29.420061644824056,89.47123229448626,61.10870606068968
43.918539725197604,79.09463474358633,56.986825531216084
13.016506059239525,154.47001800038348,12.513475940377086
5.012276562547551,166.77640812632737,8.211315311125096
3.926432939653111,170.37502675079597,5.698540309551009
18.424911020026613,139.4588899752057,22.116199004767708
18.02878262178711,46.76010166264305,115.21111571556986
16.94293899889262,52.366796681773984,110.69026431933342
31.44141707926615,60.18159367729312,88.37698924344073
1.085843622894478,158.7212861848908,20.1928701922147
13.412634457479001,100.98753197272684,65.59983356979413
14.49847808037354,88.36023441990197,77.1412874997245
22.38881092819065,39.21876013680977,118.39242893499959
78.93370689647527,25.59993181444148,75.46636128908327
31.444594692595814,53.22401728338829,95.3313880240159
89.70311259223676,44.133705340396155,46.1631820673671
58.039327673017404,65.21333141770894,56.74734090927367
61.71132772438872,64.0567958534506,54.2318764221607
51.8228665392002,83.061111116151,45.11602234464881
56.544895968284635,38.23467587429286,85.22042815742252
9.055783764405165,120.87208336308029,50.07213287251453
67.31430166404613,68.74706701417851,43.93863132177537
35.65051674482678,104.48254302904553,39.8669402261277
39.32251679619809,101.16410452010159,39.513378683700346
29.434055611009583,126.0665122708151,24.499432118175342
47.48911220387945,99.31153276240373,33.19935503371681
10.769405695761524,160.23482003494507,8.995774269293424
20.894379223457875,145.71312302279105,13.39249775375107
17.22237917208657,151.80898456738686,10.968636260526642
27.110840357275098,141.43238701648693,11.456772626238036
58.25851789964092,70.13678222877434,51.60469987158475
26.594732980421576,108.89035610206369,44.51491091751474
30.266733031792896,105.291737477595,44.44152949061211
20.378271846604374,136.20787425318528,23.41385390021036
31.663784919219356,85.85132559385069,62.48488948692996
27.991784867848065,91.45802061298163,60.55019451917032
37.88024605303655,99.27281760850077,42.846936338462676
3.6720000513713056,105.99505995625091,70.33293999237779
6.216461133817098,153.7137582013667,20.069780664816115
9.888461185188536,138.50030422006503,31.61123459474646
13.618828322368339,156.62710480929246,9.754066868339239
14.005257146578511,120.73548770192014,45.259255151501364
4.914945203586351,172.86050405082193,2.2245507455917615
25.994571280899144,137.1250280359549,16.88040068314595
24.838035716640825,140.44346654489883,14.718497738460348
43.842350979341234,115.54105879418529,20.616590226473477
27.624085468946827,23.84517147332049,128.5307430577327
18.53377352595469,124.29881867597169,37.167407798073626
39.61339960326747,70.24676173370777,70.13983866302478
38.45686403900914,76.34262327830359,65.20051268268729
57.461179301709535,65.96602572740366,56.57279497088682
9.090311942992152,165.46817025279026,5.441517804217658
11.989314134320635,155.77825587392041,12.232429991758913
10.832778570062299,159.37687449838916,9.790346931548589
29.83709383276272,128.46073772279883,21.702168444438477
21.079626077312785,39.68814352648359,119.23223039620363
19.923090513054454,45.294838545614546,114.78207094133101
38.92740577575485,53.10963554113368,87.96295868311147
1.1565355642582436,162.74240086552481,16.101063570216876
17.84777969844207,96.96641729209306,65.18580300946486
19.004315262700402,84.26842779790434,76.72725693939525
82.63740748878746,14.09110460498123,83.27148790623131
30.512391139885654,114.54475180763245,34.9428570524819
66.24786715475268,60.49269486536852,53.2594379798788
62.929428645808734,66.58855640996434,50.48201494422693
87.83183639652226,56.21195885906441,35.95620474441332
52.12501634890176,120.20891510128888,7.666068549809375
16.389540334034812,158.96248897457815,4.647970691387144
19.70797884297867,155.36387035010958,4.9281508069118445
5.194428907734589,173.7199928743004,1.0855782179646398
35.73547601486701,41.91269427207533,102.35182971305768
32.41703750592308,47.51938929120628,100.06357320287066
57.31944525663659,55.33418628672541,67.34636845663799
3.3184385089439288,145.8620001823788,30.81956130867727
21.583969241769584,113.84681797523906,44.56921278299136
24.90240775071354,98.98692553636471,56.11066671292176
100.45364720265121,36.937427195057516,42.60892560229128
46.40159026038731,75.69100106834686,57.90740867126584
52.497451804983115,72.09238244387818,55.410165751138706
42.120854254083184,103.00851921946845,34.87062652644837
54.05205694226392,76.85555132455724,49.09239173317886
47.9561953976681,82.46224634368816,49.58155825864373
58.332792948568034,90.27704333920731,31.390163712224666
6.095861544595815,92.6025622024998,81.30157625290438
4.280736006304097,167.10625595511775,8.613008038578096
10.376597550899925,149.4689404805916,20.154461968508432
38.75357387328936,34.24662572226595,106.99980040444468
35.15495524882069,39.8533207413969,104.99172400978243
66.07109202441096,47.66811773691605,66.26079023867301
3.5986186244685507,150.50997087376572,25.891410501765595
27.317518151121618,109.19884728385199,43.4836345650264
30.91613677559026,94.05877472945294,55.02508849495679
5.6066950191309415,43.51017046932098,130.88313451154806
13.421492014650086,143.80135231170325,22.77715567364664
7.814796995519172,160.94950126076458,11.235701743716293
100.29118184238236,68.16736422768727,11.541453929930384
