98.46995470187176,45.229583662874866,36.30046163525338
117.44375190498965,54.236782325173785,8.319465769836555
115.61983534806173,56.11504962178159,8.265115030156702
56.18210825500557,98.55616782648279,25.261723918511635
83.46776263303272,85.28059360603436,11.251643760932918
52.714519717187684,117.41897901613018,9.866501266682143
67.60307470315709,102.93861185413644,9.458313442706466
83.64033976027154,89.24826304424573,7.111397195482691
95.29837818281725,79.53754085275541,5.164080964427334
70.6377867152701,102.6309171271358,6.731296157594093
18.973797203117858,156.04566066183776,4.980542135044497
17.149880646189942,158.48186818783608,4.368251165973985
42.28784644686619,108.27977199848685,29.43238155464696
15.002192068839117,160.5037529798658,4.494054951295105
45.75543498468402,123.05739432303307,11.18717069228292
30.866879998714687,141.97882355177197,7.154296449513409
14.829614941600122,162.62996105744716,2.540424000952653
3.171576519055115,176.43766956373298,0.3907539172115647
27.83216798660164,147.76078882356572,4.407043189832666
1.8239165569280842,131.72629375521575,46.449789687856295
61.261643649984094,24.328558902209178,94.40979744780674
33.97598927195696,64.3227542487713,81.70125647927175
64.72923218780194,54.05575762469342,61.21501018750465
49.84067720183256,68.52517816328206,61.634144634885374
33.803412144718116,103.79731504653509,42.3992728087468
22.145373722172426,137.60731277090767,20.247313506919916
46.80596518971957,90.85132951340094,42.342705296879494
59.43772709305615,23.464418033886968,97.09785487305689
32.152072715029014,61.9145108607434,85.93341642422759
62.90531563087399,53.47689886279796,63.61778550632804
48.0167606449046,67.70484323314191,64.27839612195348
31.979495587790165,104.12275390895421,43.897750503255615
20.32145716524445,139.6778027387262,20.000740096029336
44.982048632791596,91.10621287497636,43.91173849223203
27.28565437802715,133.5023651469918,19.21198047498108
3.4675885378177536,173.73409990511132,2.798311557070822
11.42096644815152,161.43238962602086,7.146643925827625
27.45823150526596,142.47867493523614,10.063093559497942
39.11626992781172,131.7842711779943,9.099458894193969
14.455678460264531,160.11066566716116,5.433655872574269
30.753242915844986,76.09324529834775,73.15351178580727
15.864687929875585,110.22106488304205,53.91424718708235
0.17257712723932692,179.53055620544035,0.296866667320918
11.83061554978458,158.14841102021057,10.020973430004808
12.829975917762587,148.43835973016866,18.731664352068766
14.888554985969389,109.89193226586733,55.2195127481633
30.92582004308382,112.84033229928663,36.233847657629575
42.58385846562956,111.1757931601189,26.240348374251525
17.923266998082397,136.93019266474175,25.146540337175832
16.037265057114418,129.3834473396801,34.57928760320547
27.695303479660144,126.39414291405808,25.910553606281777
3.0347120121129314,169.5194778338647,7.44581015402228
11.658038422545719,139.9146183624077,28.42734321504655
13.002553045001441,91.05873372320276,75.9387132317958
24.660591467547157,45.95470883760859,109.38469969484424
9.007198662298949,167.653877702909,3.338923634792316
10.885465958906689,165.21767017691064,3.8968638641826234
53.326584163607926,71.97931036323348,54.6941054731586
40.0510099431595,124.20329134461248,15.745698712228002
72.18939535325528,86.75693268777964,21.053671958965072
57.70902819126158,105.67836191651861,16.612609892219826
44.01867938137084,126.3294994221937,9.65182119643545
34.3079571898806,140.1372079284802,5.554834881639166
57.40133346426093,111.46032718831235,11.138339347426705
1.8782672966078209,123.40682798537934,54.714904718012846
44.31938550130903,16.009093132372612,119.67152136631837
31.043811280860588,56.00328847893474,92.95290024020467
63.18219669095637,45.73629185485686,71.08151145418678
48.701829528962655,60.2057123934455,71.09245807759184
35.01148071907194,95.47784927669854,49.51067000422953
25.30075852758164,129.28784700107116,25.411394471347247
48.394134801962025,82.53186374356439,49.0740014544736
42.44111820470118,15.199303003730266,122.35957879156852
29.165543984252768,53.64939583058673,97.18506018516051
61.30392939434854,45.21178383264128,73.48428677301018
46.823562232354824,59.43972820298522,73.73670956465995
33.133213422464124,95.85763887879753,51.00914769873834
23.42249123097382,131.4126877085695,25.164821060456664
46.5158675053542,82.84109784481967,50.64303464982613
13.275574220448402,158.76408906550344,7.960336714048114
18.862811189647363,148.47237598659953,12.664812823753126
4.3824440276536025,173.30588645546737,2.3116695168789927
9.307904782236994,167.74039885374785,2.9516963640151204
19.018626973727443,157.0459950965059,3.935377929766589
4.074749300653022,174.6276104143272,1.2976402850195135
32.13838541009578,64.84160153741479,83.02001305248943
17.65801824810206,98.96942112210911,63.37256062978884
3.967669438211354,169.2178000336307,6.814530528158002
5.743052753279037,169.40005478114344,4.856892465577537
17.350323521101437,137.1867159692357,25.462960509662874
14.480367161993726,119.75843353254947,45.761199305456806
28.170715971884427,122.70683356596876,29.122450462146833
37.88143816337475,121.04229442680104,21.076267409824194
14.788061888994337,146.79669393142393,18.415244179581727
13.690348809890716,138.8417607823866,27.46789040772272
23.40107100138102,135.85245635676455,20.74647264185445
0.30769472700058365,178.97779127657114,0.7145139964288121
9.710722191490316,147.02601555789045,23.26326225061922
13.382654082890088,83.94733652772003,82.6700093893899
23.093376274380397,40.79062787318127,116.11599585243835
2.4362075259983427,126.74575162017148,50.8180408538302
95.67456733967546,19.348016767164797,64.97741589315976
43.45058635829645,59.34221211372691,77.20720152797664
80.89694501512929,49.07521548964902,50.0278394952217
61.97551578639031,63.544636028237676,54.47984818537202
41.32437828071524,98.81677291149069,39.85884880779409
27.516669774428685,132.6267706358633,19.85655958970801
56.193550514596595,85.87078737835654,37.935662107046866
93.2383598136771,19.096166867912967,67.66547331840991
41.01437883229811,57.546259694769425,81.43936147293248
78.46073748913095,49.108647696823965,52.43061481404509
59.539308260391955,63.33659206716792,57.124099672440124
38.88817075471689,99.75450274298021,41.35732650230292
25.08046224843033,135.30955157275224,19.609986178817458
53.75734298859824,86.73796170900236,39.5046953023994
52.223980981379,104.06998359234484,23.70603542627617
14.777622324546172,156.83351854024187,8.388859135211982
33.69905155328514,132.0000080713739,14.300940375340922
54.350189058960225,113.04629338058913,12.603517560450635
68.15789756524677,102.35188962334736,9.490212811405877
39.48101682507886,130.67828411251418,9.840699062406912
37.446358656832835,80.58730024964282,61.966341093524335
18.524929428093873,114.71511983433714,46.75995073756901
2.126208077581059,175.03650125414137,2.8372906682773484
15.93391658386777,153.65435606891552,10.411727347216734
12.742964156300136,152.9324146814637,14.324621162236143
18.92142922873899,98.70476157358442,62.373809197676614
39.57256673441405,101.65316160700367,38.774271658582286
53.38027524070061,99.98862246783598,26.631102291463428
24.703394500532692,125.74302197245885,29.553583527008467
20.651137505675084,122.22915089016671,37.1197116041582
34.45884601196164,119.23984646454473,26.301307523493655
5.78196527179375,162.36518138435133,11.852853343854946
13.80770850628657,137.37419436145504,28.818097132258405
14.869172233881356,93.5991577241555,71.53167004196315
28.676880740167917,46.345462754820474,104.97765650501162
107.39773485300671,69.91420772174314,2.688057425250131
67.40353950644473,108.36430054859943,4.232159944955853
77.67053613052258,99.92668855065402,2.402775318823233
63.2011155919338,114.1546329209981,2.64425148706802
27.92897870868114,150.57254359681002,1.4984776945088123
5.881019015692469,173.87240757341695,0.24657341088885615
40.87496424181505,137.55600256283245,1.5690331953525765
39.99419534656211,39.09256769918506,100.91323695425284
29.727198722484246,91.8561026470821,58.41669863043367
44.19661926107288,67.02259217821415,68.78078856071296
79.46875614432591,48.06887748742937,52.46236636824474
113.27875386869852,37.374473730187596,29.34677240111388
66.52277061119177,65.70086821935442,47.77636116945383
10.266996624077882,157.79450177761944,11.938501598302656
4.202423914510717,168.07767863768638,7.719897447802892
39.47456079776378,97.82929972616473,42.69613947607149
73.2845585221364,76.44715454093888,30.268286936924717
26.52857526462964,129.86038379055967,23.611040944810714
14.469420538588679,48.67692207836273,116.85365738304861
49.74155742184166,51.62532211178197,78.63312046637637
83.5515551462143,49.96078297261427,46.487661881171434
36.79557188870753,75.71518247723714,67.48924563405535
35.27213688325301,67.7493027047947,76.9785604119523
69.08213460762563,64.7599982791727,46.15786711320167
22.326151350118863,107.88533319897934,49.7885154509018
33.80999772437263,97.51534555366096,48.6746567219664
12.945985533134133,133.45800653194956,33.59600793491628
46.75598325750676,66.20202234452849,67.04199439796476
38.45009282685643,36.40451027393491,105.14539689920866
30.012480828910984,89.16804522183195,60.819473949257066
44.240425199254936,64.334534752964,71.42504004778107
80.65833587506724,45.380820062179225,53.96084406275355
116.21338470483923,34.686416304937424,29.100198990223333
67.64179484108939,63.01281079410427,49.34539436480636
8.437611997945456,162.0266617225753,9.535726279479249
5.790332372398542,163.8455186927304,10.364148934871073
42.20824304821079,93.59713978120891,44.194617170580315
77.76329187798281,72.21499459598304,30.021713526034173
29.19170201423296,125.62822384560381,25.180074140163228
14.227944370343964,46.274146759539306,119.49790887011676
50.64585504615624,49.22254679295858,80.13159816088519
86.20090387592825,47.558007653790874,46.24108847028087
37.62931401217839,73.31240715841373,69.05827882940788
36.417910675812294,65.10505121772661,78.47703810646111
71.97295950558429,62.1157467921046,45.91129370231112
23.401369641834442,105.24108171191125,51.357548646254315
35.55504882977201,96.01686785915213,48.42808331107586
13.016541033977855,134.9564842264584,32.02697473956377
48.57158986374986,65.95544893363792,65.47296120261223
52.76353494789704,56.88126482336665,70.35520022873631
27.9300244790291,91.00908440806096,61.06089111290995
8.97630978824427,161.2574633195825,9.766226892173238
1.718093968997252,177.36039149519183,0.9215145358104185
26.60830052016933,129.22637925518754,24.165320224643096
24.833510468867946,107.09362070879638,48.07286882233567
43.787225159652735,110.04202074221564,26.17075409813166
54.481628916894515,108.37748160304794,17.14088948005753
26.15523442772769,134.1318811076708,19.712884464601505
18.95371469078479,136.53009126550768,24.51619404370757
29.648118448026555,133.54078683988567,16.81109471208775
1.3217239588597902,176.6661217596922,2.012154281447969
10.694403757241798,149.97771192190567,19.327884320852508
17.631990731925043,80.99564016370485,81.37236910437012
28.326394489166816,36.85524994341459,114.81835556741858
34.127819584694294,36.738420480060064,109.13375993524565
104.3761984962158,39.686820513479326,35.93698099030488
125.75834368144166,38.02228137431164,16.219374944246717
72.34511443182087,63.776680878934485,43.878204689244626
70.2483789115215,75.46920015259771,34.28242093588079
91.63052409674734,72.47989572697571,15.889580176276958
38.217294847126595,115.60523064678233,26.177474506091077
21.38214518522586,140.21148502973247,18.406369785041704
32.0310840643949,90.76186705587807,57.20704887972701
53.41322924962078,35.93373540760376,90.65303534277548
2.948400033419345,175.3970399121566,1.6545600544240164
1.2838608942511112,178.38634433777963,0.32979476796815554
27.03826039887445,135.261009417972,17.700730183153553
1.6645391391678188,176.14846602003732,2.1869948407949034
24.089860365455152,54.8248860655732,101.08525356897165
25.754399504622842,19.714360463357043,134.53124003202012
2.989304425622063,174.493905965613,2.5167896087651154
40.136030494184645,56.47944611999729,83.38452338581807
43.12533491980669,20.044155231326805,116.8305098488665
129.02664791438946,17.52736562256204,33.44598646304846
