8.724004817454905,41.20327522052829,130.0727199620168
2.92216114430226,169.46535878198398,7.612480073713783
80.01012960879657,26.01192325590722,73.9779471352962
5.769017110395126,163.67867851661043,10.552304372994435
13.182486994149599,132.72061087770757,34.09690212814282
47.14076511802432,57.27031245494864,75.58892242702704
19.11428359009988,135.44113047973735,25.444585930162795
20.496702713740692,133.95275160364224,25.550545682617084
21.81412995972485,130.47465230537512,27.711217734900025
19.5659468522278,137.57342546048594,22.86062768728625
70.61107285701569,53.41409606001035,55.97483108297398
22.271131290075047,131.07629073395282,26.652577975972168
23.559307103047406,127.41489783685518,29.025795060097455
21.053745984387632,135.19829513203453,23.74795888357786
33.413571632385775,100.6816943522988,45.90473401531543
23.68778182928464,129.07419891741625,27.238019253299115
22.7621864155566,131.83022984087683,25.407583743566594
44.749097176923485,82.85664137189221,52.39426145118431
56.89952259974705,69.392563642737,53.70791375751595
38.926877132235,98.81855854672656,42.25456432103843
5.801843673152688,164.76413976524998,9.434016561597394
71.28612479134168,31.169558224072993,77.54431698458531
2.9549877070596384,173.28273062027853,3.7622816726617807
4.458482176694702,167.12550569366553,8.416012129639794
38.41676030056942,71.52648894066542,70.05675075876515
10.390278772645006,158.4416484199201,11.168072807434914
11.772697896285779,156.2289754632582,11.998326640455971
13.090125142269951,153.17032253314864,13.739552324581412
10.841942034772948,158.85929864115056,10.298759324076535
61.88706803956079,64.67979941661689,53.43313254382233
13.547126472620176,153.00991799138635,13.442955535993537
14.835302285592501,149.84914991467235,15.315547799735178
12.329741166932763,156.23538060012066,11.434878232946598
24.68956681493088,123.78298557073482,31.527447614334292
14.963777011829752,150.61802607243297,14.418196915737283
14.038181598101703,152.9212133855078,13.0406050163905
36.025092359468594,101.66743844540088,42.307469195130544
48.17551778229216,84.29702834689381,47.527453870814035
30.2028723147801,118.96750669467778,30.82962099054211
77.08796846449431,19.185437792750328,83.72659374275538
2.846855966092851,153.4458477726694,23.707296261237705
10.260325849847346,68.79331370536515,100.9463604447875
44.218603973722054,38.64174695960061,97.13964906667734
16.192122445797615,112.45122443572852,51.35665311847388
17.574541569438434,112.72632015575755,49.69913827480403
18.891968815422576,107.55747401407884,53.55055717049858
16.643785707925556,119.6980805889411,43.65813370313339
67.6889117127134,41.52125485985505,70.78983342743156
19.348970145772782,110.25286542810828,50.39816442611896
20.63714595874513,104.73895447329295,54.62389956796195
18.13158484008537,117.44030582837779,44.428109331536845
30.491410488083513,73.8469429443675,75.66164656754901
20.76562068498236,108.89796834903984,50.33641096597779
19.840025271254277,113.2674668423614,46.8925078863843
41.82693603262121,61.85372156125781,76.31934240612098
53.977361455444786,53.41427004030821,72.60836850424701
36.00471598793273,77.51397579368496,66.48130821838232
74.2411124984014,88.46721178973978,17.291675711858822
66.82764261464696,92.82284231238012,20.349515072972924
32.86936449077226,120.09773767973046,27.032897829497276
60.895846018696716,103.32854561603757,15.775608365265734
59.51342689505586,105.19016277010445,15.296410334839678
58.19599964907171,106.27343817546907,15.53056217545918
60.44418275656877,104.84261897667268,14.713198266758576
9.399056751780929,162.4255814707496,8.17536177746949
57.73899831872154,107.2306335397114,15.030368141567088
56.4508225057492,108.19395004459645,15.355227449654363
58.95638362440897,106.56972554457968,14.47389083101139
46.59655797641078,115.95565951262101,17.447782510968224
56.32234777951196,108.9370681566875,14.740584063800558
57.24794319324003,108.30793841717669,14.44411838958329
35.26103243187309,128.07294644027652,16.66602112785039
23.110607009049524,143.31308297782547,13.576310013125028
41.08325247656156,124.00075802525545,14.915989498182991
7.413469883754435,35.7407576818827,136.84577243436286
41.37174800762913,33.03711469605461,105.59113729631625
13.345266479704664,98.22202805823675,68.43270546205856
14.72768560334553,100.64626024144901,64.62605415520547
16.045112849329676,94.75204219533589,69.20284495533444
13.79692974183262,110.14694090058721,56.056129357580176
64.8420557466205,37.993946871925246,77.16399738145425
16.502114179679864,99.13295302626798,64.36493279405215
17.7902899926522,92.76387879092051,69.4458312164273
15.28472887399248,108.38835372221172,56.32691740379583
27.644554521990603,63.07302461564868,89.28242086236074
17.918764718889474,98.64986662394878,63.431368657161755
16.993169305161373,103.97451191979718,59.032318775041446
38.980080066528295,54.55136867898029,86.4685512544914
51.130505489351876,48.293219339329404,80.57627517131874
33.1578600218398,69.26675205664054,77.57538792151963
33.9582781238747,39.42639300224488,106.61532887388043
5.931796595950295,151.72980800513594,22.338395398913818
7.314215719591076,148.37218947785132,24.31359480255761
8.631642965575216,141.3318585522037,30.036498482221084
6.383459858078151,155.06540407624277,18.55113606567907
57.42858586286606,45.98178240858105,76.5896317285529
9.088644295925398,142.73292895745118,28.1784267466234
10.376820108897778,135.4636700357835,34.15950985531874
7.871258990238007,150.45475475758218,21.673986252179823
20.231084638236158,86.77482280115106,72.9940925606128
10.50529483513506,139.11788491859176,30.376820246273226
9.579699421406922,144.28105691181065,26.13924366678239
31.566610182773864,69.63483402933693,78.79855578788923
43.717035605597445,59.583005544949415,76.69995884945315
25.744390138085382,91.18315797366348,63.072451888251145
28.026481527924457,126.75057960351195,25.222938868563595
26.6440624042836,129.78600922220252,23.569928373513886
25.326635158299457,131.08131015382958,23.592054687871
27.574818265796516,129.84176946827913,22.583412265924377
23.470307738991345,92.98513465160299,63.54455760940567
24.869633827949276,132.87187097859788,22.258495193452816
23.581458014976942,133.96823671922735,22.450305265795713
26.087019133636684,132.4147012569513,21.498279609412023
13.727193485638525,144.82071335302388,21.45209316133757
23.45298328873967,135.52266768999723,21.024349021263106
24.37857870246776,134.8568868425453,20.76453445498696
2.391667941100788,172.22543851841468,5.3828935404844325
9.758757481722702,144.4971362910513,25.74410622722595
8.213887985789297,160.28612154609314,11.499990468117485
1.3824191236409846,131.44264609010804,47.174934786251136
2.699846369625021,90.69110061946913,86.6090530109059
0.45166326212828894,172.4601255182788,7.088211219593272
51.496789266915805,36.35841940307242,92.14479133001178
3.1568476999751027,115.8537104149217,60.989441885103155
4.445023512947601,89.51797216815989,86.03700431889261
1.9394623942879354,152.8881067885102,25.172430817202017
14.299288042285898,47.7269143509859,117.9737976067282
4.573498239184813,113.10334956482228,62.323152195992954
3.647902825456699,132.15880603557815,44.193291138965144
25.634813586823622,47.07787841864322,107.28730799453317
37.785239009647185,44.84793730344568,97.36682368690715
19.81259354213512,63.300346980383615,96.88705947748127
1.3174272459841057,48.115146419119704,130.56742633489614
0.9307558615133693,157.23102952282647,21.838214615660657
50.11437014327497,35.35395619874723,94.53167365797782
1.774428576334357,101.45903800315287,76.7665334205128
3.0626043893068786,68.45924767503821,108.47814793565512
0.5570432706476423,168.07381694593877,11.369139783414267
12.916868918645058,42.354795778268645,124.72833530308631
3.191079115543879,104.50577712078318,72.3031437636729
2.265483701815961,133.94470989427757,43.78980640390655
24.25239446318277,44.298509047172466,111.44909648964476
36.40281988600634,43.17835674060281,100.41882337339086
18.430174418494293,59.38384408232971,102.18598149917601
2.2481831074970904,145.5746917339016,32.17712515860139
48.796942897290826,36.153916186556444,95.04914091615275
0.457001330350217,163.27131384827587,16.27168482137399
1.7451771433226448,90.40430999861894,87.85051285805854
0.7603839753372051,168.46384499416476,10.775771030498067
11.59944167266093,42.952674253617076,125.44788407372201
1.8736518695597812,136.98850560746868,41.13784252297153
0.9480564558314989,164.0561384512674,14.995805092900861
22.93496721719861,45.33517187382565,111.72986090897574
35.08539264002219,44.2354597309167,100.67914762906109
17.11274717251013,61.854685446353315,101.03256738113656
51.04512600478786,33.75214648669409,95.20272750851805
2.705184437847397,53.84359782374385,123.45121773840893
3.993360250819631,47.73706582255519,128.2695739266252
1.4877991321598085,105.49802286975044,73.01417799808974
13.847624780157988,38.74748642620115,127.4048887936409
4.12183497705689,69.83786992215636,106.0402951007868
3.1962395633288376,88.45299355844651,88.35076687822473
25.183150324695678,41.46327284647244,113.35357682883189
37.33357574751924,40.89371978425203,101.77270446822872
19.360930280007175,54.29767318160363,106.3413965383892
48.33994156694064,96.73226480231544,34.92779363074394
47.0517657539683,96.96993315077272,35.978301095259006
49.55732687262804,97.11462250719536,33.32805062017661
37.197501224629896,98.32667546367827,44.47582331169185
46.92329102773104,98.70176335881999,34.37494561344899
47.8488864414591,98.68259026939607,33.46852328914485
25.861975680092197,106.14837220001048,47.989652119897336
13.711550257268604,120.06801775800936,46.22043198472202
31.68419572478068,110.0501874790794,38.26561679613993
1.2881758129726635,39.938948307502656,138.772875879525
1.2173853056873563,151.6425261122021,27.140088582110522
11.142440342310731,38.034972931079274,130.82258672660998
1.41665053920962,109.90793562660492,68.67541383418548
0.4910551254813193,165.14273839002757,14.36620648449085
22.47796588684845,42.46679200984255,115.05524210330903
34.62839130967201,42.31214790624645,103.05946078408155
16.655745842159973,57.09176205496349,106.25249210287656
2.505561118659912,145.46105486199968,32.03338401934058
9.854264529338407,39.02969534724109,131.11604012342053
0.1284747262404061,176.32642346561846,3.5451018081442234
0.7971206874906593,166.3570583354516,12.845820977057576
21.1897900738761,43.977153525961334,114.83305640016259
33.34021549669967,43.74766830003207,102.91211620326828
15.367570029187624,60.54619689153244,104.08623307927995
12.35982564799813,35.329006524551644,132.31116782745022
2.6340358448969274,54.61905274374037,122.74691141136263
1.7084404311689914,75.0004827949376,103.29107677389348
23.695351192535846,39.85735054166541,116.44729826579874
35.84577661535942,40.07102802107161,104.08319536356898
17.873131147847364,52.09987311368322,110.02699573846942
9.725789803101177,136.65049933891828,33.62371085798059
10.65138521682921,136.51797839076642,32.83063639240439
11.335525544537717,60.330878210884414,108.33359624457789
23.485950967361298,56.77099267573176,99.74305635690696
5.513305499849273,123.79468469413288,50.692009806017936
0.9255954137282593,145.11596196365113,33.95844262262079
21.061315347638832,40.477893762287955,118.46079089007321
33.21174077046242,41.27778660910973,105.51047262042786
15.239095302950359,54.22816191449286,110.53274278255678
21.986910761366907,39.18317449401472,118.82991474461839
34.137336184190495,40.04320930364274,105.81945451216677
16.164690716678475,51.52096424074839,112.31434504257317
12.150425422823576,64.38548930849106,103.46408526868537
5.822220044688511,144.5685691140893,29.609210841222176
17.972645467512052,117.55132295335956,44.47603157912839
128.26208356145565,34.69141980323313,17.046496635311247
15.191351964621054,161.24227818608983,3.566369849289091
122.47540329608212,43.210010658261695,14.314586045656203
91.51733565717929,62.80177434431764,25.680889998503087
16.06703723442032,158.40079109731778,5.532171668261882
94.23785525920907,71.48563161806305,14.276513122727884
92.7494763831139,73.69830457472504,13.552219042161052
89.27137708484685,76.75695750483455,13.971665410318597
96.37015023995768,71.06798139683264,12.561868363209685
12.210820839481913,165.24748062136646,2.541698539151656
89.87301551342452,76.91736204659682,13.209622439978682
86.2116226163269,80.07813012331083,13.710247260362255
93.99501991150622,73.6918994378625,12.313080650631282
59.47841913177056,106.14429446724834,14.377286400981125
87.87092369688797,79.30925396555023,12.819822337561822
90.62695462034854,77.00606665247535,12.366978727176107
41.6533661513639,128.25984159258235,10.08679225605381
28.18928842220871,145.6302516910894,6.180459886701958
57.615283326198266,110.95977334330541,11.424943330496317
143.45343552607673,26.79791786646411,9.74864660745914
5.786680265373492,161.0583278463832,13.154991888243284
36.74474790427639,76.40579377907895,66.84945831664467
112.1950463270353,46.254227033314415,21.55072663965027
34.024228302246605,120.06370450944232,25.9120671883111
35.51260717834174,120.33880022947133,24.14859259218693
38.99070647660883,115.16995408779263,25.839339435598564
31.891933321497998,127.31056066265488,20.79750601584716
116.05126272197361,49.133734933568824,14.815002344457579
38.38906804803114,117.86534550182208,23.745586450146778
42.05046094512879,112.3514345470067,25.59810450786449
34.26706364994939,125.05278590209161,20.680150447959
68.78366442968516,81.45942301808127,29.756912552233604
40.391159864567705,116.51044842275363,23.098391712678676
37.6351289411071,120.87994691607521,21.484924142817682
86.60871741009174,69.4662016349716,23.92508095493667
100.07279513924698,61.026750114021986,18.900454746731043
70.64680023525739,85.12645586739873,24.22674389734389
137.6667552607032,14.489264654443579,27.843980084853243
106.70868762180032,18.84489517708391,54.44641720111578
31.258389199041428,46.11979054443425,102.62182025652433
109.42920722383013,29.350598480741365,41.220194295428506
107.940828347735,31.21221563480821,40.84695601745678
104.46272904946791,32.295491040172855,43.24177991035924
111.56150220457874,30.864671841376484,37.57382595404478
27.40217280410314,88.44763433545343,64.15019286044345
105.06436747804558,33.2526864044152,41.682946117539224
101.40297458094796,34.21600290930024,44.38102250975182
109.18637187612731,32.59177840928347,38.22184971458922
74.66977109639159,41.97771237732477,63.35251652628365
103.06227566150905,34.959121021391304,41.97860331709963
105.81830658496963,34.329991281880496,39.85170213314989
56.844718115984996,54.09499930498029,69.0602825790347
43.38064038682978,69.33513584252925,67.28422377064099
72.80663529081934,50.02281088995924,57.17055381922141
30.958067638902865,46.293062054877126,102.74887030622003
106.40836606166177,43.58941906904903,30.002214869289197
28.23754803687306,108.77433243123116,42.98811953189577
29.725926912968195,111.19856461444343,39.07550847258837
33.204026211235295,105.30434656833032,41.49162722043442
26.10525305612446,120.69924527358161,33.19550167029393
110.26458245660005,48.54625124491968,21.189166298480288
32.60238778265761,109.6852573992624,37.71235481807999
36.263780679755264,103.31618316391491,40.420036156329836
28.480383384575894,118.94065809520615,32.57895852021798
62.99698416431162,73.62532898864308,43.37768684704531
34.60447959919417,109.2021709969432,36.19334940386263
31.84844867573356,114.52681629279161,33.62473503147483
80.8220371447182,65.10367305197472,34.074289803307096
94.28611487387343,58.8455237123238,26.868361413802763
64.86011996988384,79.81905642963497,35.3208236004812
75.45029842275892,73.52329513038771,31.026406446853382
2.7205196020296722,174.17328986672118,3.1061905312489473
1.2321407259341088,177.53090839400653,1.2369508800590336
2.2459585723325173,175.42876068034656,2.325280747321096
4.852814582778448,170.8376937956144,4.309491621607292
79.30651481769719,80.07868453672387,20.614800645578935
1.6443201437546064,176.82983108559387,1.525848770651199
5.305713040852513,169.56057216392617,5.133714795221285
2.4776842543268836,175.44834311427522,2.0739726313978952
32.03891652540879,120.87172492929385,27.0893585452974
3.6464119602912577,173.21478704673459,3.138800992974055
0.890381036830663,178.37795903995362,0.731659923215611
49.86396950581535,103.73173615747974,26.40429433670491
63.32804723497057,93.67990767309225,22.992045091937204
33.90205233098099,125.2800601018063,20.817887567212715
78.1708180247887,51.1616571764849,50.66752479872639
76.68243914869356,54.19708679517545,49.12047405613099
73.2043398504265,55.49238772680251,51.303272422771016
80.30311300553731,54.252847041252075,45.44403995321063
3.8562163949381945,168.57405707863018,7.569726526431561
73.80597827900417,57.28294855157087,48.91107316942498
70.14458538190651,58.379314292200284,51.476100325893206
77.92798267708588,56.82577882992426,45.246238492989875
43.411381897350154,69.2317909259968,67.35682717665304
71.8038864624676,59.933745262970156,48.26236827456223
74.5599173859282,59.26796441551826,46.172118198553534
25.58632891694357,96.63651609138765,57.777154991668795
12.122251187788347,139.9139412819217,27.963807530289987
41.54824609177794,84.69719911906611,53.75455478915596
1.4883788760952343,156.88723202027086,21.624389103634044
4.966478174362222,116.1356865496319,58.89783527600588
2.132294980748623,162.09528855155838,15.77241646769297
82.02703441972699,61.80300533323521,36.169960247037814
4.364839745784489,141.29829634508448,34.33686390913098
8.026232642882189,114.96255809832262,57.0112092587952
0.2428353477027924,178.3326927186743,1.424471933623072
34.75943612743853,73.17150028114867,72.06906359141279
6.366931562321096,138.54793549498507,35.08513294269384
3.6109006388603953,157.60339196574105,18.785707395398468
52.584489107845144,72.52246434880601,54.89304654334885
66.04856683700037,70.29252323360846,43.658909929391186
36.62257193301077,88.74493291054641,54.63249515644282
3.4780992982672094,73.66569210173694,102.85620859999598
3.6206738568437906,131.68048384020958,44.69884230294667
80.53865554363185,60.90450188136434,38.55684257500384
2.8764608696893554,127.00958368577002,50.11395544454057
6.537853766787033,94.00979335765533,79.45235287555762
1.245543528392248,166.37563737144362,12.37881910016403
33.27105725134341,67.90534146088574,78.82360128777087
4.878552686226035,130.0563228034003,45.06512451037374
2.1225217627654094,159.49525557689475,18.38222266033985
51.09611023174999,69.84905472978959,59.05483503846044
64.56018796090521,68.7289024232199,46.7109096158749
35.134193056915635,84.93438976494681,59.931417178137565
7.098773155110865,117.86347399900156,55.03775284588763
77.06055624536478,63.86513392145646,39.07430983317876
0.6016384285776033,169.0174684168242,10.380893154598128
3.059754468519931,118.11552773351886,58.82471779796116
4.723642826659454,140.75262725926478,34.523729914075844
29.792957953076325,70.66389198851708,79.5431500584066
1.4004533879589545,164.6997233423687,13.89982326967241
1.355577535501664,168.23264381383228,10.411778650665967
47.618010933482914,73.04638960872568,59.335599457791425
61.08208866263814,71.94667746581675,46.97123387154514
31.65609375864856,89.56590318125335,58.77800306009811
84.1593294004756,56.61277417398034,39.227896425544074
6.497134726533174,76.70422551103007,96.79863976243676
10.158527623630796,70.5976935098414,99.2437788665278
2.375130328451581,128.35865055703678,49.266219114511784
36.891731108187145,61.60811411348737,81.50015477832548
8.499226543069684,92.6984976094426,78.80227584748769
5.743195619609116,111.31362124573282,62.943183134658064
54.716784088593755,64.3239005337587,60.95931537764758
68.18086181774896,63.75434747153827,48.06479071071278
38.754866913759386,77.15830086888987,64.08683221735075
77.66219467394245,40.757433719341456,61.5803716067161
74.00080177684482,40.99510206779873,65.00409615535648
81.78419907202417,41.13979142422138,57.07600950375444
47.26759829228845,42.351844380704264,90.38055732700728
75.6601028574059,42.726932275846,61.61296486674811
78.41613378086649,42.707759186422095,58.876107032711424
29.442545311881847,50.1735411170365,100.38391357108166
15.97846758272661,64.09318667503538,99.928345742238
45.40446248671621,54.07535639610543,80.52018111717835
3.661392897097525,66.59152628347475,109.74708081942761
4.12200439808175,124.98994813622998,50.888047465688324
30.39459638165399,64.68755090705142,84.9178527112946
2.00209181653667,136.56051360257712,41.43739458088635
0.7539391069237046,168.2046836339997,11.041377259076244
48.21964936206058,69.11936998581471,62.6609806521247
61.6837270912158,68.96472588221863,49.351547026565584
32.25773218722622,83.74434003093566,63.99792778183812
7.783397295179351,116.4352598019023,55.78134290291836
26.733203484556377,68.05549040733852,85.21130610810512
1.6593010805608686,154.64778147428416,23.69291744515475
4.4153320040215505,137.33126327535456,38.25340472062374
44.55825646496295,73.00294858605879,62.438794948978256
58.022334194118166,72.77346336012953,49.2042024457523
28.596339290128583,89.57199195162993,61.831668758241506
34.51660077973572,59.076965408129475,86.40643381213482
6.124096214618275,78.36701162731818,95.50889215806356
3.3680652911577282,98.74844167851552,77.88349303032682
52.3416537601423,63.60530942524328,64.05303681461443
65.80573148929751,63.818986904649464,50.37528160605302
36.37973658530795,75.84783199726108,67.77243141743098
28.392504565117434,90.74576532360291,60.861730111279655
31.148535488578037,90.61324437545102,58.23822013597093
17.825052980406586,106.2356122261999,55.93933479339352
31.289130709561803,102.6757266910472,46.03514259939098
1.8631358055721974,169.69941870944857,8.437445484979227
2.7560309234605405,117.87794271035231,59.3660263661871
46.21755754552404,67.71591301558706,66.0665294388889
59.681635274679245,68.51580586240884,51.80255886291191
30.255640370689665,81.46618116779197,68.27817846151835
48.97358846898464,64.5907582375813,66.43565329343409
62.437666198139844,65.45079304720933,52.111540754650825
33.01167129415027,76.92854798431497,70.05978072153476
13.46407772915521,116.77975075967538,49.756171511169434
15.961917174834385,92.17430766290502,71.86377516226062
29.42599490398958,63.84340919584361,86.73059590016683
164.066302010677,9.751421231152875,6.182276758170077
8.51859085502855,144.01183121107198,27.46957793389948
28.11035454108452,59.35929714376774,92.53034831514775
123.70937129408462,29.20773039800321,27.082898307912178
36.794211814829936,103.0172078741311,40.188580311038976
39.00688477149188,103.2923035941601,37.700811634348
42.0655377016014,98.12345745248142,39.81100484591717
36.376561593599504,110.26406402734366,33.359374379056845
130.55606081813318,32.08723829825761,17.35670088360923
42.22594224336368,100.81884886651086,36.95520889012546
45.38671032007771,95.30493791169552,39.30835176822677
39.00047963462936,108.00628926678039,32.993231098590265
71.45287466401524,64.41292638277008,44.1341989532147
44.61783416231709,99.46395178744243,35.91821405024049
42.31464684924222,103.833450280764,33.851902869993786
93.56842178934917,52.41970499966038,34.011873210990466
110.93883188785625,43.98025347871078,25.08091463343296
76.26835354007227,68.07995923208752,35.65168722784021
155.54771115564847,10.922894805154485,13.529394039197038
135.9559474695925,15.278525327794796,28.765527202612695
40.35693071659241,42.55342069514515,97.08964858826243
127.27209019584713,25.784228631452258,26.943681172700625
125.05941723918517,27.645845785519125,27.29473697529573
122.00076430907563,28.729121190883742,29.270114500040616
127.68974041707754,27.29830199208738,25.011957590835074
33.510241192543894,84.8812644861643,61.60849432129181
121.84035976731337,29.686316555126094,28.473323677560575
118.67959169059934,30.64963306001112,30.670775249389536
125.06582237604769,29.025408559994357,25.90876906395794
92.6134273466618,38.41134252803568,48.97523012530254
119.44846784835998,31.392751172102198,29.158780979537813
121.75165516143484,30.763621432591396,27.484723405973764
70.49788022132788,50.52862945569119,58.97349032298093
53.12747012282081,65.76876599324014,61.10376388393905
87.79794847060478,46.45644104067012,45.74561048872509
19.591763686055938,31.978476009220945,128.42976030472312
115.19078043905607,29.274833023392844,35.534386537551086
28.275620959801373,94.45974638557497,57.264632654623654
30.488293916463338,96.88397856878723,52.627727514749424
33.546946846572865,90.98976052267412,55.463292630753024
27.857970738570938,106.38465922792541,45.757370033503626
122.03746996310461,34.23166519926347,23.730864837631916
33.70735138833514,95.37067135360621,50.921977258058654
36.868119465049155,89.00159711825874,54.130283416692116
30.481888779600805,104.62607204954996,44.89203917084925
62.9342838089867,59.310742942986906,57.75497324802641
36.099243307288525,94.887584951287,49.013171741424465
33.796055994213674,100.2122302471354,45.991713758650945
85.04983093432062,50.78908700631852,44.161082059360886
102.4202410328277,44.53093766666761,33.0488213005047
67.7497626850437,65.50447038397876,46.745766930977524
95.59901675300011,47.84240513188462,36.558578115115274
8.683857273745465,160.14582013477565,11.170322591478937
10.896530230407402,156.788201607491,12.315268162101587
13.955183160516901,149.7478706818434,16.296946157639677
8.266207052514995,163.48141620588248,8.252376741602475
102.44570627704864,54.39779453822078,23.15649918473058
14.115587702279171,151.14894108709092,14.735471210629916
17.276355778993192,143.87968216542322,18.843962055583567
10.890125093544869,158.8707668872219,10.239108019233248
43.342520122930736,95.19083493079079,41.46664494627849
16.507479621232598,147.5338970482315,15.95862333053591
14.204292308157711,152.6970690414504,13.098638650391916
65.45806724826467,78.05084615897665,36.4910865927587
82.82847734677172,67.99901767458914,29.17250497863912
48.15799899898776,99.59917010330321,32.24283089770905
86.9151594792547,56.69382884474679,36.39101167599852
84.70248652259274,59.72925846343733,35.56825501396994
81.64383359248322,61.0245593950644,37.3316070124524
87.33280970048511,59.78501870951397,32.88217159000094
6.846689524048543,163.04188541036814,10.111425065583306
81.48342905072094,62.81512021983276,35.701450729446314
78.32266097400692,63.91148596046219,37.7658530655309
84.70889165945526,62.35795049818614,32.933157842358604
52.25649663006939,74.7639625942587,52.979540775671914
79.09153713176754,65.46591693123206,35.4425459370004
81.39472444484244,64.80013608378015,33.80513947137743
30.140949504735456,102.16868775964953,47.690362735615025
12.770539406228382,145.44611295018353,21.783347643588062
47.441017754012385,90.229370787328,42.32961145865962
2.2126729566621,142.61071889754274,35.176608145795306
5.271325886771511,101.85917342690404,72.86950068632449
0.41765022123103707,176.37180167428627,3.210548104483286
93.76184900330323,47.52649221050733,38.71165878618945
5.431730428533836,127.02178322235659,47.546486349109664
8.592498505247812,100.68604497559478,70.72145651915744
2.20626781979971,164.0561795959451,13.737552584255452
34.658662849185326,58.89498715842081,86.44634999239389
7.823622347487163,124.27142237225719,47.90495528025566
5.520435034412282,143.32687884301308,31.152686122574615
56.77420997451924,58.245951226078134,64.97983879940264
74.14462007302632,56.01601011088059,49.83936981609311
39.474141725242326,74.46841978781852,66.05743848693916
3.058652930109517,60.113473059575966,116.82787401031452
2.6303231778922904,145.23270288237072,32.1369739397369
91.54917604664126,47.35228283920327,41.09854111415548
3.2190574718718694,113.45736464360907,63.32357788451915
6.379825548585799,80.45757431549436,93.16260013591983
0.006405136903905346,179.92785641360686,0.06573844952862133
32.44598989252334,54.353122418724695,93.20088768875196
5.610949390825171,116.50410376123929,57.88494684793551
3.307762077750232,145.94303653473378,30.749201387515917
54.561537017857276,56.29683568762852,69.14162729451421
71.93194711636434,55.176683381058844,52.89136950257681
37.26146876858036,71.38217072278574,71.35636050863388
5.688976108001912,131.83513940932016,42.475884482677934
88.49052311653175,49.89346851113785,41.61600837233042
0.16040454176252703,177.01086617285728,2.8287292853803985
3.321172618476369,104.14386232320035,72.53496505832337
3.0650580669720386,154.72429266958335,22.21064926344463
29.38733696241384,56.692226578198486,93.9204364593877
2.5522964607155507,150.7280579320501,26.71964560723424
0.24910914764025563,177.7956907758482,1.9552000765109552
51.50288408774775,59.074724198407054,69.42239171384519
68.87329418625482,57.97501205549813,53.15169375824705
34.202815838470826,75.59423777093473,70.20294639059443
94.17949922453364,44.05090581077063,41.76959496469571
5.84938064976418,64.14235714782039,110.00826220241544
9.0101487264782,58.03582514663174,112.95402612689007
2.6239180410298775,115.796782193827,61.57929976514316
35.07631307041573,49.04624575027767,95.87744117930659
8.241272568717548,80.1366292462329,91.62209818504952
5.938085255642619,98.75175288252309,75.31016186183422
57.19186019574967,51.762032170548984,71.04610763370135
74.56227029425673,51.19247910832857,54.24525059741469
39.89179194647275,64.59643250568017,75.5117755478471
88.33011857476947,43.29913225849311,48.37074916673742
85.16935049805545,43.53680060695039,51.29384889499416
91.55558118350379,43.68148996337304,44.76292885312319
59.103186154117914,44.89354291985593,76.00327092602616
85.93822665581607,45.26863081499767,48.79314252918627
88.24141396889094,45.24945772557374,46.50912830553532
36.98763902878399,52.71523965618815,90.29712131502787
19.617228930276916,66.63488521418705,93.74788585553605
54.28770727806089,56.61705493525707,69.09523778668203
3.160768076714083,53.38190384349617,123.45732807978983
3.225462608734412,138.19957057620857,38.57496681505711
29.22693242065156,51.47792846707276,99.2951391122757
2.391891918953492,123.35089116259843,54.25721691844818
0.08870460588022547,178.58569392601888,1.325601468102486
51.34247954598548,55.90974754583604,72.74777290817848
68.71288964449255,55.75510344223994,55.53200691326751
34.042411296708565,70.53471759095697,75.42287111233446
6.386230685448329,130.1455070622645,43.468262252287154
26.06616434393754,54.345243146976244,99.58859250908624
0.7688761577607998,168.35802873464627,10.873095107593102
3.0720634708354417,151.04151053571672,25.886425993447787
48.18171146927146,59.29270132569652,72.52558720503204
65.55212156777853,59.06321609976724,55.38466233245423
30.881643219994547,75.8617446912676,73.25661208873784
32.452395029385876,46.76388475749821,100.78372021311591
5.617354527687731,66.05393097668696,108.32871449562533
3.31416721461275,86.43536102788426,90.25047175750291
54.56794215471981,51.292228774612,74.1398290706682
71.93835225322687,51.5059062540182,56.55574149275494
37.26787390544288,63.5347513466298,79.19737474792733
26.835040501698163,105.123051724584,48.04190777371785
29.138227814773035,104.99053077643211,45.87124140879485
22.11554712533394,91.85832582521874,66.02612704944734
39.485957223841,88.29844029006608,52.21560248609292
4.815478876057001,155.32213230846716,19.862388815475835
2.3031873130747935,130.69776504791403,46.99904763901109
48.950587627032085,54.89609067802525,76.15332169494268
66.32099772553914,55.69598352484702,57.983018749613834
31.650519377755167,68.64635883023016,79.70312179201468
51.25377494010696,52.22377951040518,76.52244554948786
68.62418503861403,53.083814320033234,58.29200064135274
33.953706690830046,64.56156925713887,81.48472405203108
17.370410098507087,106.6929585036216,55.93663139787133
17.300068249276933,102.26109991895879,60.43883183176429
34.67047834778398,70.02386908254552,75.3056525696705
134.26040997991913,4.740618046984408,40.99897197309649
49.60787591261484,9.096248569624734,121.29587551776045
19.456309166850325,36.37114393697508,124.17254689617461
93.26578664297821,19.6019518732822,67.1322614837396
93.54088236300723,21.46356902734905,64.99554860964373
88.37203622132853,22.546844432713677,69.08111934595779
100.51264279619078,21.116025233917306,58.37133196989192
22.33581706710472,78.69898772799425,78.96519520490102
91.06742763535797,23.50403979695601,65.428532567686
85.55351668054263,24.46735630184107,69.97912701761629
98.25486803562751,22.84313180182431,58.9020001625482
54.661505151617185,32.22906576986562,93.10942907851722
89.71253055628955,25.210474413932133,65.07699502977832
94.08202904961111,24.581344674421317,61.33662627596756
42.66828376850749,44.34635269752112,92.98536353397138
34.2288322475579,59.58648923507007,86.18467851737202
58.32853800093464,40.27416428250007,81.39729771656528
84.65253406730423,59.448053943120414,35.89941198957535
114.80410081306879,56.744410957292295,8.451488229638919
40.99462333694089,121.92932431947443,17.076052343584667
40.71952761691184,124.35355650268673,14.92691588040144
45.88837375859055,118.4593384565736,15.65228778483583
33.747767183728335,133.85423716182487,12.397995654446829
111.92459291281432,61.70124313316299,6.374163954022701
43.192982344561145,122.84024928750567,13.966768367933236
48.70689329937645,116.47117505215822,14.821931648465332
36.005541944291636,132.0956499834494,11.898808072259
79.59890482830193,86.78032087688634,13.62077429481172
44.547879423629546,122.35716288518648,13.094957691184005
40.17838093030797,127.68180818103488,12.139810888657127
91.59212621141162,78.25866494021797,10.14920884837045
100.03157773236119,72.0005156005671,7.967906667071683
75.93187197898442,92.97404831787827,11.094079703137332
30.151566745764526,140.3727534470324,9.4756798072031
43.65791073036337,107.32383155007658,29.018257719560076
43.933006450392355,110.68145007736126,25.385543472246397
38.764160308713684,117.7217810030088,23.51405868827751
50.904766883575945,103.98823547896973,25.10699763745435
27.27205884551008,146.92814285336857,5.799798301121388
41.45955172274314,116.32071059776128,22.219737679495555
35.94564076792778,123.58996951942903,20.464389712643186
48.64699212301264,108.59888479763033,22.754123079357036
5.053629239002354,172.27881675406135,2.6675540069360544
40.104654643674685,119.93575463662077,19.959590719704575
44.474153136996264,114.7725826434018,20.753264219601913
6.9395921441073805,170.58119447412443,2.479213381768336
15.37904366505682,160.52936598973707,4.091590345206174
8.720662088319687,167.87048158154914,3.4088563301311856
73.8094774761279,29.610930536834612,76.57959198703747
74.08457319615691,32.64636015552515,73.26906664831793
68.91572705447824,33.94166108715222,77.14261185836956
81.05633362934046,32.702120401601796,66.24154596905777
2.8795079002544037,169.87521628171987,7.245275818025709
71.61111846850767,35.73222191192057,72.65665961957178
66.09720751369231,36.82858765255001,77.07420483375768
78.79855886877716,35.27505219027396,65.92638894094887
35.205195984766874,47.68106428634652,97.11373972888661
70.25622138943923,38.38301862331987,71.3607599872409
74.62571988276079,37.717237775867964,67.65704234137122
23.21197460165717,75.08578945173737,81.70223594660547
14.772523080707586,118.36321464227142,46.864262277021
38.87222883408434,63.14647247941583,77.98129868649983
0.2750957200290571,177.20070079141965,2.524203488551558
4.893750421649626,142.047753737943,33.05849584040731
7.246856153212519,136.18322136324733,36.569922483540125
70.92996957587347,87.71507252154632,21.35495790258023
2.198359007620104,167.2103635333954,10.591277458984354
7.71226996243563,140.87462528663377,31.413104750930668
4.989081392649243,155.75524009301586,19.25567851433491
38.60428149136102,99.08356746945977,42.31215103917919
3.553256086688753,164.46000268329627,11.9867412300151
0.8162424066326368,176.4845408459479,2.699216747419135
50.59750287447071,98.43453153711711,30.967965588412177
59.03695439542031,96.20459042191958,24.758455182660143
34.937248642043535,114.65700009885752,30.405751259098942
5.168846141678725,97.81428469392391,77.0168691643974
6.971760433183638,107.53189124802269,65.49634831879378
71.20506529590249,85.05309447355128,23.741840230546277
2.473454727649435,151.1581762779568,26.368368994393915
7.987365682464597,118.15838594984233,53.854248367693096
4.713985672620217,142.22704477925654,33.05896954812318
38.879377211390036,92.05393405307268,49.06668873553728
3.828351806717677,154.2049153955873,21.966732797695023
0.5411466866037047,176.35615183091753,3.1027014824784813
50.87259859449973,93.99764732197653,35.12975408352374
59.3120501154493,92.87749501540686,27.810454869143832
35.21234436207255,109.08298235713377,35.704673280793656
12.140606574862268,92.02413456340298,75.83525886173477
66.0362191542238,89.70447335705502,24.259307488721184
2.6953914140294155,143.1781289812255,34.12647960474505
2.818519540785919,143.95486716911753,33.22661329009659
9.882831814298893,114.91328782366612,55.20388036203493
33.71053106971135,96.50323142411564,49.78623750617301
1.3404943349609146,169.460937222033,9.198568443006062
5.709992828282625,142.39330437823372,31.896702793483694
45.70375245282103,98.88572904432422,35.41051850285474
54.14320397377062,97.78601690141531,28.0707791248141
30.043498220393868,115.40524261685192,34.5512591627542
78.17682572908603,77.41028018982749,24.41289408108648
9.44521516083279,97.5017315268772,73.05305331229
14.959126115648141,91.39519952568858,73.64567435866329
2.257774760563322,149.1561565728837,28.586068666553
45.8511376445736,82.40562012933451,51.7432422260919
10.800112239901264,113.49600362528977,55.703884134808995
6.430613746579663,132.11112726157995,41.45825899184036
57.84435902768328,85.12140654960582,37.0342344227109
66.28381054863286,84.55185348738542,29.16433596398174
42.184104795256125,97.95580688473703,39.86008832000686
68.73161056825323,25.942431374883885,85.32595805686289
63.2176996134379,26.180099723341154,90.60220066322096
75.91905096852275,26.324789079763804,77.75615995171346
32.32568808451246,27.536842036246703,120.13746987924088
67.3767134891848,27.91192993138845,84.71135657942676
71.74621198250638,27.89275684196452,80.36103117552912
20.332466701402783,35.35853877257891,124.30899452601835
11.893015180453153,49.27818433057781,118.82880048896904
35.99272093382991,39.26035405164786,104.74692501452225
5.513910954815284,90.33711273362168,84.14897631156299
7.187440400269513,101.24436168608311,71.56819791364738
36.40592248374079,88.43313735719822,55.160940159061
1.3548970790684305,160.30610005272428,18.339002868207306
3.014601414253185,144.459097183853,32.52630140189386
48.399143866850466,92.8649564359615,38.73589969718803
56.83859538780005,92.71031233236543,30.45109227983454
32.738889634423316,107.48992648108246,39.77118388449423
12.701351355084814,90.83715529403771,76.46149335087746
30.89201152892544,93.653594915203,55.45439355587153
4.159013875746881,129.04967696641955,46.79130915783354
8.52851236906846,111.73315876749002,59.7383288634415
42.885232912035136,98.60105309392328,38.513713994041595
51.32468443298473,98.37156786799403,30.303747699021244
27.22497867960799,115.17009645949442,37.604924860897626
43.5933628840103,79.75711585608849,56.64952125990122
8.542337479337935,99.04716207527728,72.4105004453848
4.172838986016225,119.42859212647465,56.39856888750898
55.586584267119974,84.28545987320227,40.12795585967775
64.02603578806956,84.49913735260847,31.474826859321972
39.926330034692825,96.5279824452201,43.5456875200871
35.05102540467236,60.98885277136932,83.96012182395833
39.420523897993924,60.856331823217445,79.72314427878862
11.99322138310968,135.99252477843345,32.014253838456874
20.432672904059263,132.43263924328082,27.134687852659926
3.667032849317543,160.54366873831825,15.789298412364351
4.369498493321654,94.77955099767358,80.85095050900485
47.044246787782036,90.81430472826575,42.14144848395222
55.483698308731626,91.61419757508753,32.90210411618086
31.383992555354876,104.56457288047068,44.05143456417448
51.41374528110362,86.07568238039899,42.510572338497404
59.85319680205319,86.93571719002703,33.21108600791977
35.75349104867645,98.41347212713269,45.833036824190856
8.439451520949621,140.7048317146121,30.855716764438323
15.660254232427196,68.24922670796838,96.09051905960447
24.09970575337673,44.94295444911254,110.95733979751071
4.355630522640237,18.44908197002383,157.19528750733585
31.63052588999068,15.745438984195795,132.62403512581352
14.861333826297804,80.93035234637792,84.20831382732429
16.722950980364633,83.35458452959018,79.92246449004517
17.80622638572929,77.46036648347706,84.73340713079368
16.375407186932918,92.85526518872838,70.76932762433871
73.95836968100983,20.702271160066424,85.33935915892374
18.763421749971634,81.84127731440917,79.39530093561923
19.72673825485668,75.47220307906169,84.80105866608164
18.10251375483993,91.09667801035292,70.80080823480718
27.48844772288119,45.781348903789834,106.73020337332898
20.469856366947738,81.35819091208998,78.1719527209623
19.840726627436915,86.68283620793837,73.47643716462471
39.60573465053674,37.259692967121474,103.13457238234182
54.845871188085674,31.00154362747057,94.15258518444375
35.53354623551567,51.975076344781726,92.49137741970262
27.27489536735035,19.07687792927197,133.64822670337767
10.505703303657453,131.38029293216303,38.11400376417952
12.3673204577243,128.02267440487836,39.61000513739731
13.450595863088964,120.98234347923075,45.56706065768028
12.019776664292554,134.71588900326984,33.26433433243757
69.60273915836952,25.63226733560809,84.76499350602239
14.407791227331279,122.38341388447827,43.208794888190454
15.371107732216302,115.11415496281057,49.51473730497309
13.746883232199577,130.10523968460927,36.147877083191155
23.132817200240886,66.42530772817811,90.44187507158102
16.11422584430742,118.76836984561886,45.117404310073724
15.485096104796584,123.93154183883777,40.58336205636564
35.2501041278964,49.28531895636399,95.46457691573961
50.49024066544535,39.233490471976495,90.27626886257818
31.177915712875347,70.83364290069053,77.98844138643412
16.769192063692916,153.78347743300924,9.447330503297907
14.90757490962603,156.81890705169977,8.273518038674185
13.8242995042614,158.11420798332676,8.06149251241176
15.255118703057743,156.87466729777643,7.870213999165789
42.32784379101916,65.9522368221057,71.71991938687516
12.867104140019078,159.90476880809518,7.228127051885733
11.903787635134039,161.00113454872462,7.095077816141308
13.528012135150712,159.44759908644866,7.024388778400609
4.142078167109604,171.8536111825209,4.004310650369612
11.160669523042879,162.55556551949456,6.283764957462524
11.789799262553771,161.88978467204257,6.320416065403629
7.975208760546087,160.741663652088,11.283127587365938
23.215345298095,117.46423846155402,39.320416240351
3.9030203455251957,172.6809806244094,3.4159990300655494
1.8616171540668789,115.6670377248421,62.47134512109104
2.9448925594313717,74.91549225420334,102.13961518636518
1.5140733606349417,156.6845171530131,21.801409486351833
59.09703585471203,20.582811037806703,100.32015310748126
3.9020879236738653,100.07810204965597,76.01981002667021
4.865404428558873,73.74236380289416,101.39223176854698
3.2411799285422473,137.11249842324463,39.646321648213274
12.627113896583378,31.951305985720158,135.42158011769646
5.608522540649958,97.32774119955663,77.06373625979343
4.979392801139047,116.38319767031251,58.63740952854835
24.744400824238916,31.302270053377505,123.95332912238358
39.984537361787886,29.072328938179957,110.94313370003216
20.672212409217853,47.52473861511788,111.80304897566425
1.083275405364249,32.818736084280054,146.09798851035532
0.34754379343096353,172.5274398576665,7.1250163489018075
57.23541870064518,20.057545863907517,102.70703543544731
2.0404707696068654,86.16262766831333,91.7969015620797
3.0037872744920073,53.162837340198614,123.83337538530935
1.379562774475234,152.77740661109982,25.84303061442491
10.765496742516515,27.058385443428925,142.17611781405452
3.7469053865831086,89.20936678594366,87.04372782747326
3.117775647072287,118.64829955943813,58.233924793489614
22.882783670172067,29.0020987123328,128.11511761749514
38.12292020772102,27.88194640576311,113.99513338651587
18.810595255150997,44.08743374749002,117.10197099735898
1.430819198796295,161.10525390936093,17.4639268918427
56.15214329528055,20.62335401109721,103.22450269362221
0.9571953642425651,147.7407516728168,31.302052962940884
1.9205118691272471,74.87374782315982,103.20574030771279
0.2962873691103393,176.00559283037782,3.698119800511544
9.682221337151937,27.422112078157816,142.89566658469025
2.663629981218495,121.45794343200967,55.87842658677188
2.0345002417075824,148.5255762758086,29.439923482483792
21.799508264807447,29.80460969836645,128.39588203682612
37.03964480235639,28.704897555457492,114.2554576421861
17.72731984978639,46.32412327089411,115.94855687931951
57.58296249407692,19.038948219935513,103.37808928598754
2.3880145630387823,39.1303995569853,138.481585879976
3.3513310679236468,33.02386755579663,143.6248013762796
1.7271065679070732,90.78482460299207,87.48806882910092
11.113040535948294,24.034288159442543,144.85267130460915
4.094449180014786,55.1246716553979,120.78087916458725
3.465319440504114,73.73979529168804,102.79488526780794
23.230327463603818,26.75007457971389,130.01959795668228
38.47046400115277,26.180521517493485,115.34901448135376
19.158139048582743,39.584474914845075,121.25738603657216
55.19494793103822,104.90762657978492,19.89742548917687
54.23163142615317,105.1452949282422,20.623073645604645
55.85585592616991,105.28998428466487,18.854159789165216
46.469921958128644,106.50203724114773,27.028040800723634
53.488513314062075,106.8771251362895,19.634361549648403
54.1176430535729,106.85795204686558,19.02440489956151
34.35263503047311,114.32373397747996,31.323630992046926
19.112498492924146,128.24337953547885,32.64412197159699
38.42482344549418,118.22554925654886,23.349627297956967
0.9633165048850741,24.908580165935593,154.12810332917937
0.6609079951319687,166.67289425376964,12.666197751098656
8.725025972909595,23.004604789512157,148.27036923757828
1.7064346169763103,94.87756748503809,83.4159978979858
1.0773048774656047,150.1123702484611,28.81032487407362
20.84231290056512,27.436423868275497,131.7212632311594
36.08244943811404,27.28177976467939,116.63577079720658
16.770124485544045,42.06139391339642,121.16848160105957
1.6242245000168956,160.81628231165428,17.55949318832897
7.7617094680245176,23.674467897586663,148.56382263438883
0.7431181120910136,160.9711960159647,18.28568587194426
0.1139883725822344,178.28771421489338,1.5982974125262714
19.878996395680055,28.62192607630698,131.49907752801298
35.119132933229,28.39244085037771,116.48842621639331
15.806807980659004,45.190969441878075,119.00222257746294
9.385933968041307,20.855115693540185,149.75895033841852
2.367342612107796,40.145161912729,137.48749547516314
1.738212872597043,60.52659196392619,117.7351951634768
21.503220895696796,25.38345971065403,133.11331939364916
36.74335743324575,25.597137190060224,117.65950537669401
17.431032480675764,37.62598228267183,124.94298523665243
7.018591355933472,154.09828184988663,18.883126794179944
7.647721095444269,153.9657609017347,18.386518002821035
12.117286927655528,42.88309569991626,124.99961737242825
27.357423465204477,39.32321016476358,113.31936637003196
8.045098512634535,106.34690218316474,65.60799930420082
0.6291297395106454,159.8565460274514,19.51432423303776
19.13587828358897,25.737309698487383,135.12681201792364
34.37601482113791,26.537202545309164,119.08678263355293
15.063689868567941,39.48757785069228,125.4487322807398
19.765008023099817,24.739056104431413,135.4959358724688
35.005144560648745,25.59909091405945,119.39576452529181
15.692819608078738,37.07684585116508,127.23033454075617
15.240136537548931,47.71946818064066,117.04039528181038
4.072188415021058,161.23459024193966,14.693221343039307
19.312324952570027,131.12763296648458,29.560042080945422
2.703642985827783,176.27216543660808,1.0241915775639332
62.48127037635403,71.42441956050124,46.09431006314474
64.90550255956629,74.78203808778589,40.312459352647835
59.0112845134532,81.82236901343346,39.16634647311335
74.40618321870451,68.0888234893944,37.50499329190111
2.2531891900425864,177.1724451570563,0.5743656529009381
63.392195344385286,80.42129860818596,36.18650604742877
57.023121109037795,87.69055752985369,35.286321361108534
72.64759604032902,72.69947280805499,34.652931151615995
27.332266933765943,136.37940476448614,16.28832830174792
62.90910894206606,84.03634264704539,33.05454841088852
68.23375423791447,78.87317065382646,32.893075108259055
18.81061099709753,153.51939353630027,7.669995466602191
12.552461657446571,163.5712220206879,3.8763163218656636
33.52599437475783,131.97106959197367,14.502936033268508
65.18491336218212,21.159442307195693,93.65564433062218
67.60914554539438,24.194871925886254,88.19598252871938
61.71492749928128,25.490172857513315,92.79489964320541
77.10982620453258,24.25063217196285,78.63954162350457
4.956832175870648,161.42372805208078,13.619439772048604
66.09583833021337,27.280733682281653,86.62342798750497
59.726764094865885,28.377099422911087,91.89613648222303
75.3512390261571,26.82356396063506,77.82519701320784
30.035909919594058,39.229576056707614,110.73451402369834
65.61275192789417,29.931530393680962,84.45571767842488
70.93739722374256,29.26574954622906,79.79685323002838
21.514253982925684,66.63430122209846,91.85144479497589
15.256104643274831,109.91172641263248,54.83216894409274
36.22963736058594,54.694984249776915,89.07537838963715
2.424232183212063,160.1246484478335,17.45111936895426
3.4699858629007743,159.12380608152762,17.40620805557151
11.924912842350473,119.10716901966266,48.96791813798689
60.228081186311485,104.79112486513098,14.980793948557524
0.9109249680304855,175.7135841230195,3.3754909089492893
5.458149267316213,157.95067763021845,16.59117310246533
10.166325663974938,138.67918774943118,31.15448658659384
35.14900344258809,116.15961981304447,28.691376744367474
0.4278385657105905,178.46394497311917,1.1082164611688337
5.75248386156043,159.4084885023632,14.839027636076349
43.67065937925644,115.5105838807018,20.81875674004175
49.92880871890733,113.28064276550427,16.79054851558844
28.95527600159619,131.73305244244222,19.311671555961606
5.89421804611315,112.74120057432542,61.36458137956148
9.500680659138245,92.60497536762134,77.89434397324045
62.652313369523746,99.98001035395271,17.367676276523557
1.5133072151812368,166.08509215835852,12.401600626460466
7.8823814505284515,133.08530183024385,39.03231671922769
7.742093480762719,127.30012889885525,44.957777620382025
37.573235625800336,106.98084993347415,35.44591444072554
1.9963936175000228,169.13183127598893,8.871775106510905
3.3282516783482126,161.42923595051676,15.242512371135058
46.0948915624687,108.924563202378,24.98054523515333
52.353040902119574,107.80441089580832,19.842548202072116
31.379508184808454,124.0098982375352,24.61059357765636
15.394898705251304,76.37184677856716,88.23325451618153
56.75809532341064,105.35676114189087,17.885143534698503
4.3809108309320814,127.52584119638976,48.09324797267814
1.9881634044153516,159.6071549539535,18.40468164163113
13.636311526875838,99.2610000388303,67.10268843429387
31.67901757968723,112.15551920895152,36.165463211361285
3.8978244286128088,153.80864943719695,22.29352613419016
9.22246972446131,126.74101659339792,44.03651368214081
40.2006735163556,114.53801682916011,25.26130965448432
46.45882285600648,113.43830468625117,20.102872457742365
25.485290138695337,131.05753040168776,23.457179459616892
72.15299402866194,89.80827584427428,18.03873012706378
11.013987874319213,109.89972718132397,59.08628494435681
17.383062109666707,103.79319518013536,58.82374271019797
1.7585871783755833,161.55415222733032,16.687260594294177
47.07391628493852,94.80361578378131,38.12246793128017
11.497074276638408,125.89399927973652,42.60892644362505
6.1724289807900945,144.50912291602674,29.31844810318326
55.5955722216069,97.51940220405262,26.885025574340474
61.85372156125779,96.94984914183222,21.196429296910022
40.880188843946655,110.35380253918382,28.766008616869556
61.13900615434274,19.568267420861194,99.29272642479607
54.769931918995276,19.805935769318467,105.42413231168626
70.39440685028647,19.950625125741112,89.65496802397242
25.079077743723406,21.16267808222401,133.75824417405258
60.65591975202354,21.537765977365748,97.80631427061073
65.98056504787193,21.51859288794181,92.50084206418626
16.557421807055047,28.984374818556233,134.45820337438875
10.299272467404142,42.90402037655514,126.79670715604074
31.2728051847153,32.88619009762515,115.84100471765956
6.369074235347414,104.30388110155486,69.32704466309768
9.25540069594374,87.27759331814993,83.46700598590635
36.0599284106193,102.39990572513143,41.54016586424928
0.48308640231863864,174.27286842065752,5.244045177023277
4.8415588935292,130.49232881591973,44.666112290551055
44.581584347287695,106.83172480389472,28.5866908488176
50.83973368693855,106.67708070029863,22.483185612762835
29.866200969627435,121.45669484901565,28.67710418135695
15.624474931291214,76.01522364557238,88.36030142313642
29.690854175271856,108.47552656366835,41.8336192610598
5.885987833028254,114.22774531795419,59.88626684901757
11.21063312887669,96.91122711902469,71.87813975209865
38.21251011194023,113.42298474238862,28.36450514567115
44.47065945159112,113.19349951645935,22.335841031949524
23.497126734279966,129.99202810795973,26.510845157760308
45.31532910656305,91.65592392834748,43.028746965089475
9.7384870982629,110.94597014753622,59.315542754200855
4.413841802414492,131.3274001987336,44.25875799885186
53.83698504323143,96.18426794546126,29.978747011307338
60.09513438288231,96.39794542486744,23.506920192250252
39.121601665571156,108.42679051747906,32.45160781694979
35.576842008300105,47.368078476557564,97.05507951514232
40.90148730414852,47.23555752840571,91.86295516744579
8.52165593666834,149.6132990732452,21.865044990086446
14.779805276319244,146.0534135380925,19.166781185588228
6.193727440991892,146.9228944435063,26.883378115501806
5.324645295848366,81.68459330648966,92.99076139766193
44.0984979449685,103.90926241944973,31.9922396355818
50.35664728461938,104.7091552662715,24.934197449109146
29.383114567308233,117.65953057165464,32.95735486103716
49.4231432408169,98.21549326905614,32.361363490127
55.68129258046777,99.07552807868419,25.24317934084805
34.707759863156646,110.55328301578983,34.73895712105355
6.258149339650883,150.8540405629825,22.887810097366636
14.715383377660295,58.10001785959792,107.18459876274181
20.97353271731118,36.97504778204081,122.05141950064804
112.30341500289106,20.135250729631522,47.56133426747742
108.94579647560641,23.17068034832207,47.88352317607153
101.90546554995883,24.46598127994913,53.62855317009205
115.63901107399788,23.226440594398717,41.13454833160344
6.55538940633615,160.39953647451668,13.045074119147197
103.30653595520631,26.256542104717482,50.43692194007621
96.03727703353862,27.35290784534693,56.60981512111447
111.0283617553373,25.79937238307087,43.17226586159183
47.34842979890618,38.20538447914343,94.44618572195039
99.69149191634689,28.907338816116788,51.40116926753633
104.85466390956583,28.24155796866488,46.9037781217693
30.20844102709204,65.61010964453426,84.1814493283737
20.15661254270456,108.88753483506828,50.95585262222719
51.75676497141861,53.670792672212734,74.57244235636867
3.3576185272844703,153.78104148902156,22.86133998369378
10.397949452932265,113.02949601838296,56.572554528684805
3.335596071106821,165.2014790828075,11.462924846085711
105.7480255965549,58.69681480198625,15.555159601458852
8.996879047684784,138.19210581383552,32.81101513847973
16.26613796935245,111.85636756707368,51.87749446357389
1.2750532475537093,175.22650218742405,3.4984445650221754
64.95498520398489,70.06530974989973,44.9797050461154
12.611923086544158,135.4417449637361,31.94633194971972
7.448751093325185,154.497201434492,18.05404747218272
82.09497397579901,69.41627381755704,28.488752206643944
92.14680246018654,67.1863327023595,20.666864837453986
60.54665003147244,85.63874237929745,33.814607589230114
7.040330925647564,72.42874122167763,100.5309278526748
6.693214598391492,132.91743472026917,40.389350681339316
102.39040706927024,59.667551001304865,17.942041929424903
5.639260520400069,125.77263280571077,48.58810667388914
12.90851944206779,92.77284247759597,74.31863808033624
2.0825652797306202,167.6125882515032,10.304846468765902
61.59736667670023,66.6683905808263,51.73424274247346
9.254304559259475,128.81937192334092,41.92632351739955
4.091132566040618,158.25830469683547,17.650562737123952
78.73735544851435,68.61210384973015,32.65054070175552
88.78918393290186,67.49195154316047,23.71886452393769
57.18903150418779,83.69743888488736,39.11352961092484
13.733545524039092,115.53819325168051,50.72826122428042
95.35007614362266,66.1904146687775,18.45950918759983
1.4010704052474592,166.6921876695033,11.906741925249182
5.868188516420172,120.44080848083998,53.691003002739826
9.12289620537844,138.42734651194365,32.44975728267788
54.55703575105265,72.98917273583815,52.45379151310921
2.2139736336119533,167.0250040896898,10.761022276698279
2.949198359607051,165.90736306651115,11.143438573881845
71.69702452286676,75.37167035604674,32.931305121086496
81.74885300725428,74.2719582131378,23.979188779607924
50.1487005785402,91.8911839285744,37.96011549288539
109.08362166766172,52.30328255237316,18.61309577996513
12.332475118791551,72.3947338894229,95.27279099178554
19.60173404045927,66.28820188823421,94.11006407130652
4.610649318660662,124.04915893542942,51.34019174590997
68.29058127509171,57.29862249188018,54.4107962330281
15.947519157651001,88.38900598783539,75.6634748545136
10.784347164432056,107.0041296241256,62.211523211442326
85.43057004690584,60.01440891215149,34.55502104094266
95.48239853129337,59.444855849931066,25.072745618775564
63.88224610257927,72.84880924728267,43.26894465013804
96.75114654887015,20.142633073762543,63.10622037736732
89.48188762720247,20.380301422219823,70.13781095057773
104.47297234900113,20.52499077864246,55.00203687235642
40.79304039257001,21.73704373512536,117.46991587230464
93.13610251001073,22.112131630267108,64.7517658597222
98.29927450322965,22.092958540843156,59.607766955927204
23.653051620755868,29.558740471457575,126.78820790778654
13.601223136368347,43.47838602945644,122.9203908341752
45.201375565082444,33.460555750526495,101.33806868439108
7.269258921667676,68.117375054126,104.61336602420631
7.721825800130954,123.46409936557866,48.81407483429038
55.95810615630013,66.21339967770267,57.828494165997206
3.61504403885946,138.08636237322827,38.29859358791231
1.5481279543595312,166.67883486334816,11.77303718229231
73.09809492811428,70.64521875646594,36.256686315419806
83.14992341250178,70.49057465286984,26.359501934628394
51.5497709837877,85.27018880158688,43.180040214625414
14.991084721798643,111.30154500668094,53.70737027152039
48.688847234632455,73.18920520255982,58.12194756280774
3.654214882808183,149.51406667906278,26.831718438128963
8.817386876027248,132.19754848013324,38.98506464383959
65.82883600644658,78.13666338128009,36.034500612273355
75.8806644908341,77.90717815535079,26.212157353815115
44.28051206212,94.7057067468512,41.01378119102879
63.679931956431126,57.00299277673147,59.31707526683742
11.336869838990403,76.2930389959202,92.3700911650894
6.173697845771487,96.67446904711754,77.151833107111
80.81992072824525,61.531336793845256,37.64874247790951
90.87174921263274,61.745014273251435,27.38323651411582
59.27159678391867,73.77385936586306,46.954543850218265
52.34306211744072,63.6564067783055,64.00053110425378
57.50623411065965,63.52388583015364,58.96988005918672
17.13998877181412,133.32497077149725,29.535040456688645
27.19181725620166,129.76508523634453,23.043097507453798
4.408335172512389,163.21122274525425,12.380442082233326
5.163171993218862,114.73914171737816,60.09768628940291
69.48305088925484,70.85471400856117,39.66223510218398
79.53487937364235,71.65460685538295,28.8105137709747
47.93472694492828,84.6049821607661,47.46029089430565
74.6462228824738,65.32241816079707,40.03135895672917
84.69805136686129,66.1824529704251,29.119495662713618
53.09789893814721,77.66020790753075,49.24189315432205
10.051828484387464,143.18404509638026,26.764126419232234
21.54832394432657,65.77001332620013,92.68166272947332
31.60015242871408,40.8513641039064,107.54848346737951
3.0354296186904755,106.2197072215443,70.74486315976517
4.330730550317647,65.46816175090562,110.20110769877678
3.0911898647672382,147.23718664971514,29.671623485517706
140.2642857448851,11.135480534508826,28.60023372060608
6.121291375085947,90.6307715463581,83.24793707855594
7.217657115715392,64.29503329959627,108.48730958468835
5.664121653439315,127.66516791994665,46.67071042661399
18.070133749511907,22.503975482422284,139.42589076806578
8.772088086485239,87.88041069625869,83.34750121725604
8.106307239033361,106.93586716701466,64.957825593952
45.47485891490275,21.8549395500796,112.67020153501765
88.75228410543677,19.62499843488206,71.62271745968117
33.5355419425812,38.07740811182002,108.38704994559876
1.2953009316274549,24.545218045606198,154.15948102276676
0.05576024608530367,179.19904210365235,0.7451976502708616
137.22885612619456,11.784027825233359,30.987116048572137
3.0858617563953965,77.88910962963914,99.02502861396546
4.182227497024821,44.889319301524374,130.9284532014508
2.62869203474882,144.50388857242538,32.8674193928258
15.034704130821382,18.784867404754763,146.18042846442387
5.736658467794726,80.93584874726936,93.32749278493593
5.070877620342842,110.37478152076393,64.55434085889326
42.43942929621219,20.728580673658577,116.83199003012923
85.7168544867462,19.608428367088923,74.6747171461649
30.50011232389067,35.813915708815834,113.68597196729351
1.2395406855501803,169.16674642177205,9.593712892677466
135.93355519456748,12.561861498685422,31.50458330674706
1.7905608247683649,139.67925916040468,38.530180014826946
2.8869265653978324,66.81225531074779,110.30081812385443
1.3333911031217727,167.94410031796411,10.722508578914127
13.739403199194285,19.360619565746102,146.89997723505965
4.441357536167613,113.39645091959764,62.1621915442347
3.7755766887158133,140.46408376339667,35.76033954788758
41.14412836458511,21.743117185954674,117.11275444946023
84.42155355511915,20.643405043045746,74.93504140183512
29.204811392263615,38.26263075848234,112.53255784925408
137.17309588011793,11.168734220769728,31.658169899112366
3.030101510318729,31.260185557819593,145.70971293186165
4.126467250948346,25.153653556630832,150.71987919242093
2.5729317886722227,82.9146106038262,94.51245760750162
14.978943884744798,16.16407416027675,148.8569819549785
5.680898221718091,47.25445765623204,127.06464412204987
5.015117374266232,65.86958129252228,109.11530133321152
42.38366905013559,18.87986058054807,118.73647036931635
85.66109424066961,18.310307518327626,76.02859824100274
30.444352077814056,31.71426091567926,117.8413870065067
134.14299436979917,33.18770719290974,12.669298437291115
133.04662862916973,33.42537554136701,13.527995829463256
134.60016409144578,33.57006489778968,11.829771010764587
122.19415199537318,34.78211785427259,23.02373015035425
131.49219765839985,35.1572057494143,13.350596592185868
132.15797850585173,35.13803265999043,12.703988834157864
94.78942682998235,42.603814590604806,42.60675857941284
51.512001639448336,56.523460148603704,71.96453821194797
106.72874380230387,46.50562986967374,26.765626328022396
1.0963657406294154,17.680453114049634,161.22318114532095
0.45716972164628034,173.9010213056549,5.641808972698505
11.948842374425942,15.776477737626433,152.2746798879476
2.650796711399275,87.64944043315211,89.69976285544858
1.9850158639473023,142.88424319657534,35.13074093947726
39.353567539816765,20.208296816389726,120.4381356437935
82.63099273035078,20.053652712793617,77.31535455685558
27.414250567495245,34.83326686151067,117.75248257099409
1.5535354622758728,167.9113601277956,10.53510440992841
10.852476633796513,16.57939008144541,152.56813328475812
1.55443097076975,153.87611819982297,24.569450829407177
0.888650123317724,171.19263639875257,7.9187134779295105
38.25720179918737,21.526848260165604,120.21594994064705
81.53462698972139,21.297363034236344,77.16800997604228
26.317884826865807,38.095891625736726,115.58622354739747
12.406012096072555,13.830726915139618,153.7632609887878
3.1079664330459114,33.120773134328346,143.77126043262575
2.4421855855940193,53.50220318552573,124.05561122888027
39.81073726146337,18.35907093225339,121.83019180628322
83.08816245199739,18.572748411659617,78.339089136343
27.871420289141856,30.601593504271218,121.52698620658694
9.298045663026674,158.10259250025587,12.599361836717431
9.96382651047853,157.97007155210406,12.066101937417377
27.404725165390808,38.87878504954682,113.71648978506236
70.68215035592485,35.318899514394154,73.99895012968098
15.465408193069308,102.34259153279532,62.192000274135374
0.6657808474516713,166.14031098491455,13.193908167633548
36.70277082841747,19.453544741024846,123.84368443055769
79.9801960189515,20.25343758784661,79.76636639320189
24.763453856095943,33.20381289322975,122.03273325067431
37.36855167586936,18.418640039027753,124.21280828510288
80.64597686640339,19.278674848655793,80.07534828494084
25.429234703547845,30.756429785761444,123.81433551069073
43.277425190534025,59.00259576800658,77.7199790414594
11.939316972321501,149.95146265457385,18.109220373104645
55.216742162855546,91.80721672613359,32.97604111101086
40.751545470638696,95.29008120537125,43.95837332399004
41.01747942817098,110.05609473657542,28.92642583525363
95.08422668703541,82.52889098499857,2.3868823279659734
15.588935675186145,148.6339727894044,15.777091535409498
41.92467392194796,115.63418246128967,22.441143616762382
21.4454606984024,144.7512482678094,13.803291033788222
83.71573173912194,89.52973056452,6.754537696358063
18.33929652528553,151.68071190703463,9.979991567679837
0.7161599454706593,178.8803553194708,0.40348473505894644
84.36476767146458,91.47344383342387,4.161788495111552
86.59470878666208,90.35329152685422,3.0519996864837196
68.14229910972433,106.55877886858094,5.2989220216947555
81.76902489880968,58.96563872299568,39.26533637819465
54.332681216396786,122.76296919746225,2.90434958614105
25.16260979545255,110.11963314081831,44.717757063729145
1.1731284513086073,177.01336300952525,1.8135085391656391
62.1970061690411,81.85479198325885,35.94820184770007
42.96418626848323,129.56172726452297,7.474086466993851
22.412248945353156,136.40244138162547,21.18530967302141
41.467705416109105,109.33480853782642,29.197486046064476
43.613222200825845,131.9442248847316,4.442552914442479
45.84316331602344,130.8445127418226,3.312323942153971
27.390753639085542,148.46373845725918,4.145507903655375
136.1017061152063,40.84035770628743,3.057936178506104
56.60641510335712,60.9318090433371,62.46177585330578
82.94215335011891,54.82527704214846,42.232569607732614
19.57201872976859,112.5862340893437,47.84174718088773
124.73321116729291,45.8356976457944,9.431091186912678
59.35677595345652,76.92608114174963,43.71714290479385
40.301319482700556,95.54120477803986,44.15747573925959
125.38224709963558,48.55148406606571,6.066268834298677
127.61218821483311,47.98193100384529,4.4058807813215255
109.15977853789518,61.38588440119689,9.454337060907926
79.49529101184932,4.587473472303665,95.91723551584704
53.15955276508751,4.825141820761033,122.01530541415156
116.52968738543785,4.969831177183672,58.500481437378575
11.368494947913465,6.181884133666476,162.44962091842007
76.74493016174989,6.556972028808294,96.69809780944189
95.80038663250579,6.537798939384246,77.66181442810992
10.719459015570752,14.003580869998716,155.2769601144305
8.489517900373231,27.923226427997584,143.58725567162915
26.941927577311194,17.90539614906762,135.15267627362118
26.335738246761807,100.92839019260582,52.735871560632376
37.03439637358855,90.65308422709893,52.312519399312535
68.12679606393579,99.02441481618241,12.848789119881788
2.750360850099533,170.89737751170807,6.352261638192562
16.305095620656555,133.86781972486872,29.827084654474753
68.77583199627847,103.45623389494568,7.76793410877582
71.00577311147596,103.30158979134964,5.692637097174355
52.55336343453812,118.08120394006659,9.365432625395332
63.37013462035034,59.42405054310706,57.20581483654259
41.79105781717398,125.0666996661337,13.142242516692306
23.58537739666241,97.63657221548884,58.77805038784875
42.640833867418365,80.32005401655935,57.039112116022295
42.44009374951668,130.0141578448539,7.545748405629425
44.67003486471423,129.78467261892465,5.545292516361181
26.217625187776292,146.58320121042502,7.199173601798743
105.16119243752436,60.501437341753636,14.337370220722043
39.78475722368795,79.79148356094238,60.42375921536969
20.729300752932,100.17291361213975,59.097785634928265
105.810228369867,65.02978135886742,9.159990271265503
108.04016948506455,65.24345883827363,6.716371676661808
89.58775980812663,77.27230393088522,13.139936260988152
65.3764352138364,18.676701732190143,95.94686305397349
84.43189168459233,18.544180784038225,77.02392753136942
0.6490359323418752,178.30467581761252,1.0462882500443322
2.8789770475402174,174.74479028245992,2.376232669999938
15.573432629397736,118.23151769913883,46.195049671463444
19.05545647075596,82.79280976765848,78.15173376158556
66.02547114617904,102.80104595828092,11.173482895539998
68.25541226137662,103.60093880510267,8.143648933520721
49.803002584438694,116.55131411048579,13.645683305075545
85.08092761693501,83.37646563297976,11.542606750085218
87.31086873213255,84.23650044260782,8.45263082525963
68.85845905519464,95.71425537971342,15.427285565091907
2.2299411151975037,171.67279730302425,6.097261581778312
16.2224685617404,37.28126111955617,126.49627031870344
18.452409676937947,20.184499266452406,141.36309105660965
154.6538240580533,15.007265399005684,10.338910542941017
12.761190220373193,166.72134252145187,0.5174672581754498
53.343891584033095,66.16125981682826,60.49484859913863
20.344101255918357,139.02826366648517,20.627635077596455
119.95867052681938,37.89641865926879,22.144910813911835
5.7603506408512075,173.52010058851303,0.7195487706351634
56.390630701663326,92.4440680576354,31.165301240701275
85.8295634751579,65.37643521383637,28.794001311005733
3.8166373719473734,175.90259820872154,0.28076441933170504
4.936789678517837,174.80288606581195,0.26032425567014605
11.268697663209307,167.5778882187513,1.153414118039576
167.41501427842564,11.91393187103409,0.6710538505405146
101.3099324740202,32.0053832080835,46.684684317896306
134.30972280213487,25.89885120689487,19.79142599097022
34.69515353123396,83.65980825409008,61.64503821467594
160.41417469890456,16.909271810540787,2.6765534905544177
98.26319335638998,47.99965530649601,33.73715133711401
68.82426058289542,66.61477894278624,44.560960474318335
158.47046143000074,19.625058230812005,1.9044803391870266
159.59061373657056,19.05550516859156,1.3538810948378106
143.38512639484338,32.45945856594345,4.155415039213164
66.10508180440591,2.2005911443378228,111.69432705125645
33.10529147629119,2.438259492794986,144.4564490309139
132.71986074719214,2.582948849217668,44.69719040359031
7.000839579521376,3.7950018057005095,169.20415861477815
69.1518209220361,4.170089700842208,106.67808937712172
98.59075369553054,4.150916611418212,77.2583296930512
8.944552848425264,11.616698542032678,159.43874860954205
7.824400541855593,25.536344100031535,146.63925535811288
24.029887883582504,15.518513821101601,140.4515982953159
32.99979032811471,116.70548172801531,30.294727943869976
66.61477894278624,74.87599269168943,38.50922836552432
59.104242224884366,114.80150635159191,6.0942514235237715
3.046739117630395,173.32553095288225,3.627729929487468
32.485671891124795,118.09072818945921,29.423599919416002
57.160528955980645,119.23332543035508,3.606145613664255
58.28068126255022,119.0786813267591,2.6406374106906765
42.07519392082326,133.85829547547618,4.066510603700522
99.61456927090094,36.982906926344675,43.40252380275438
26.10445189676966,147.50784328289606,6.387704820334278
36.04652944574493,75.19542859872645,68.75804195552863
65.48546221923951,57.87891039979696,56.63562738096354
24.160738627865882,152.45530146161622,3.3839599105178872
25.280890934435686,152.2258162356869,2.4932928298773955
9.075403592708376,169.0243448271877,1.900251580103786
125.71902116767063,46.6981463079654,7.582832524363949
63.56803982515603,65.98819252715415,50.44376764768983
34.12910705166144,86.36962257835154,59.50127036998702
123.77530789876687,51.22649032507918,4.998201776153929
124.89546020533653,51.44016780448535,3.6643719901781564
108.68997286360951,63.46901289709707,7.841014239293509
62.15098134251462,11.92216403583203,105.92685462165333
91.58991411600915,11.789643087680151,76.62044279631068
1.9437132689037306,174.94078648602914,3.1155002450667255
0.8235609623337455,178.50067202118095,0.6757670164843469
17.029048304061057,111.4769800027808,51.49397169315814
29.43893277349456,72.81281819997864,77.74824902652682
60.20726807361079,112.78103752596077,7.011694400428453
61.327420380180484,113.58093037278249,5.091649247037002
45.12193303845349,126.53130567816572,8.346761283380793
89.64620084710535,82.972980897921,7.380818254973586
90.76635315367501,83.83301570754907,5.4006311387759345
74.56086581194808,95.31077064465474,10.128363543397178
1.1201523065698564,175.83458579813558,3.045261895294606
15.08533503515724,33.11947262444463,131.79519234039813
16.205487341726904,17.132499579968712,146.66201307830434
178.27139207953866,1.575021328095589,0.15358659236519875
51.15399441782264,21.66647266514244,107.1795329170349
124.02099826747951,15.559940663953812,40.41906106856671
22.889153260263182,73.32089771114907,83.78994902858777
171.4726340124814,6.570361267599646,1.9570047199188483
77.43680265862976,37.66074476355497,64.90245257781527
50.369169814830734,56.27586839984521,73.35496178532405
169.0901363922729,9.28614768787089,1.6237159198560667
170.18984853518174,8.71659462565058,1.0935568391673844
152.5706228197451,22.120548023002257,5.308829157252666
127.11739766171938,1.6831238861624176,51.19947845211794
54.25039381206251,1.9207922346199082,123.82881395331752
155.38223881927883,2.0654815910427495,22.552279589678573
6.79875806706051,3.2775345475255975,169.92370738541393
100.83458942091224,3.6526224426672065,75.51278813642053
127.90222226471111,3.633449353243312,48.464328382045544
9.181255687269145,11.09923128385773,159.7195130288731
8.081543544360343,25.018876841856603,146.89957961378315
25.70076925979688,15.001046562926675,139.29818417727645
72.86700384965685,56.210633128876665,50.922363021466474
28.26484115755945,135.37084129082808,16.364317551612473
120.31863959465875,54.30665775245326,5.3747026528880575
26.28280824080711,126.17962044797892,27.537571311213924
0.7848246029917126,178.58557678859793,0.629598608410111
117.93614197445028,58.73847683121643,3.32538119433328
119.035854117359,58.58383272762054,2.380313155020367
101.41662840192257,73.36344687633742,5.2199247217400275
101.1318450072163,57.61054200394116,21.257612988842524
47.45163574500188,126.88020820529962,5.668156049698505
46.58419560884975,95.82306367632292,37.59274071482734
73.65182845264876,78.50654547739343,27.84162606995781
45.06913812479343,131.82766638401972,3.103195491186898
46.16885026770233,131.5981811580905,2.23296857420734
28.549624552265673,148.3967097495909,3.053665698143383
148.5834807522182,24.553235494053567,6.863283753728211
54.547649398366595,43.84328171324233,81.6090688883911
27.480016554567573,64.22471176443969,88.29527168099274
146.20098313200967,29.08157951116733,4.717437356822914
147.30069527491855,29.295256990573577,3.4040477345077407
129.68146955948197,41.32410208318517,8.994428357332884
94.03583135385163,11.202615265196291,74.76155338095207
121.10346419765061,11.070094317044395,47.82644148530497
2.382497620208467,174.2212377153934,3.396264664397853
1.2827854772995082,177.78112325054587,0.9360912721540943
18.90201119273626,110.75743123214504,50.34055757511871
27.067632843799004,103.97811944067989,48.95424771552109
91.65333373364302,81.61573628525949,6.730929981097472
92.75304587655197,82.41562913208126,4.831324991366795
75.13382016111537,95.3660044374644,9.500175401420234
118.72096657744207,54.17897958691526,7.100053835642694
119.82067872035094,55.03901439654337,5.140306883105642
102.20145300491438,66.51676933364897,11.28177766143663
1.0997121429086347,176.11535021746695,2.7849376396241396
16.519513572527686,32.83870820511361,130.64177822235868
17.619225715436606,16.872175324298457,145.50859896026495
20.09145133705004,1.529537293797143,158.37901136915252
13.98491933586133,1.7672056422547637,164.24787502188394
71.74587638305657,1.9118949986772884,106.3422286182661
4.9953399395069935,3.123947955160172,171.88071210533263
36.0857234354624,3.4990358503020427,140.41524071423567
54.70084707175249,3.479862760877938,121.81929016736949
7.711126359778306,10.945644691492454,161.34322894872915
7.1415732975579385,24.86529024949135,147.99313645295072
20.545526694909576,14.847459970561355,144.60701333452906
6.1065320011886906,163.39016604591154,10.503301952899772
51.6544250460066,28.191308373793152,100.15426658020027
15.09611139754271,161.48619066948817,3.417697932969057
15.994272098412543,126.6408466349861,37.36488126660134
34.60939573470275,71.40604387156291,73.98456039373434
12.380324977271504,165.9180097482514,1.7016652744772482
12.949878039491672,165.76336564465552,1.2867563158525694
0.45407535786589404,179.4570202066218,0.08890443551549938
57.76095704719525,17.191480935374457,105.04756201743032
8.989579396354,167.29926927386632,3.7111513297795646
22.100804099601184,55.40400260775622,102.4951932926426
40.71592773589141,38.08748440882673,101.19658785528188
6.273792976082836,172.2467274525864,1.47947957133097
6.843346038303335,172.01724222665715,1.1394117350395432
6.5606073590485225,171.18422918184217,2.2551634591091636
66.75053644354935,108.34318452264132,4.906279033809316
35.66015294759407,127.63323074183008,16.70661631057583
17.045029311303864,148.01466079302745,14.940309895668733
64.03475002327798,112.87152853975516,3.093721436966857
64.6043030854984,113.08520601916136,2.3104908953401657
51.20034968814688,125.1140511117729,3.6855992000801643
31.09038349595525,9.245610545277426,139.66400595876735
49.70550713224544,9.1130895971255,121.18140327062905
2.7157864202712565,172.26423299547469,5.019980584253977
2.1462333580507273,175.82411853062723,2.029648111321743
15.55018675540249,108.80042651222614,55.64938673237137
18.61512363629023,39.075666862864615,122.30920950084518
28.374597075683877,146.5181888630748,5.107214061241332
28.94415013790432,147.31808170989655,3.7377681521991915
15.540196740552778,160.2684570152796,4.191346244167591
46.98972071197415,127.53394137223937,5.476337915786466
47.559273774194516,128.39397618186743,4.04675004393799
34.155320376842994,139.871731118973,5.972948504183946
0.5695530622203976,177.73906613732285,1.6913808004566468
12.834400335131196,31.21499228525745,135.9506073796114
13.403953397351575,15.778618485130817,150.81742811751758
0.23766834845695217,5.011154676758682,174.751176974784
0.38235770487864706,173.429680257054,6.187962038066161
1.5944106613628395,3.107179300335177,175.29841003830202
1.9694985565045195,74.980141995861,103.05035944763445
1.9503254670807555,130.21494475928398,47.834729773635395
9.41610739769505,7.538998379098609,163.04489422320637
23.335752955693867,7.3843542755025835,149.27989276880362
13.317922676763988,22.16396842421954,144.51810889901648
0.1446893564218291,178.56064404274127,1.2946666008360013
1.3567423129054619,3.0513942519818835,175.59186343511274
1.731830208047343,140.34812237035953,37.920047421593196
1.712657118623473,157.6646405692887,20.62270231208791
9.178439049237722,7.998852430702356,162.82270852005993
23.098084607236625,7.7693672047730225,149.1325481879903
13.08025432830668,24.56789579627342,142.3518498754199
1.2120529564831637,2.000955904374833,176.7869911391423
1.5871408516244525,21.291002123563782,157.1218570248116
1.567967762200864,41.67243217476085,136.75960006303842
9.03374969281512,6.529299921488838,164.43695038569612
22.953395250813966,6.742977400895029,150.30362734829103
12.935564971884087,18.771822493506626,148.29261253460936
0.37508789514288615,178.8736773493907,0.7512347554676335
0.35591480571749906,179.00619829754098,0.6378868967412662
7.821696736332231,15.855054899192591,156.3232483644752
21.741342294331126,12.295169364039925,145.96348834162896
11.723512015401184,79.3188613824411,88.95762660215776
0.01917308943870399,179.49090757707413,0.48991933350050854
7.446608841190419,6.102948148838873,166.45044300997063
21.366254399189344,6.902840995660771,151.73090460514993
11.34842412025945,19.853216301043872,148.79835957869673
7.4657819306144555,5.714651204869853,166.81956686451562
21.385427488613292,6.574686014497938,152.03988649688876
11.367597209683312,18.052440951603597,150.57996183871307
13.919645557998882,16.39583718859373,149.6845172534074
3.9018152790690133,167.4417787660133,8.656405954917814
10.017830278929999,163.77175493808156,6.210414782988509
168.41852558029518,6.6881789824747555,4.893295437230087
1.9039753764232363,177.80257122676622,0.29345339681112703
69.96898731910228,44.900700654856465,65.13031202604127
125.20379008252552,27.584182455926943,27.212027461547518
2.5278437023398386,177.2499705945136,0.2221857031468501
2.373199598746595,177.4794558204399,0.14734458081225002
17.152813747460716,160.68092722894266,2.166259023596647
170.32250095671878,8.188917942441012,1.4885811008405223
98.449538261193,27.478964161629847,54.07149757717717
43.21473549776978,47.860394212827224,88.924870289403
165.89068187795525,12.717261959555033,1.3920561624895493
166.04532598155168,12.930939438960895,1.0237345794873756
151.2657118328344,24.959784531572744,3.7745036355929624
71.87296269552573,5.827912612308365,102.29912469216598
127.10776545894885,5.6953916641564275,47.19684287689472
4.431819078763327,168.84653506250567,6.721645858731115
4.277174975167169,172.40642059765798,3.3164044271746866
19.056789123884244,105.38272857925705,55.56048229685873
55.23480276342322,76.44054812946597,48.32464910711082
67.44114361676228,109.15330759647354,3.40554878676425
67.59578772035857,109.95320044329512,2.451011836346382
52.8161735716414,122.90357574867838,4.280250679680231
122.67594638018555,53.54938097850508,3.774672641309416
122.83059048378172,54.40941578813306,2.7599937280853077
108.05097633506463,65.88717072523875,6.061852939696683
0.15464410359409952,179.4407314117979,0.4046244846064523
14.624970045120936,29.51332701078031,135.8617029440987
14.779614148717053,14.491862169278004,150.72852368200492
175.50924979075953,3.2956225052110124,1.1951277040295032
38.2125216723818,22.58566872439982,119.20180960321842
20.896003473452286,42.9670987755972,116.13689775095051
170.5617916120389,7.8239665223248895,1.6142418656362267
170.7912768379681,8.03764400173121,1.1710791603005908
153.99274824646793,20.066489094342646,5.9407626591894624
137.29672811837756,5.534459215497777,37.1688126661247
154.61324631730693,5.401938267345926,19.984815415347175
4.947458178720348,168.5530816656951,6.499460155584658
4.717972952791015,172.11296720084775,3.169059846361136
21.516501544291387,105.08927518244651,53.39422327326211
17.31651819892947,141.57086015550726,21.112621645563255
132.3492699396571,44.02299557043228,3.6277344899107113
132.57875516558641,44.82288841725401,2.5983564171596902
115.7802265740861,57.77326372263707,6.446509703276835
149.66578813858663,26.33735351695754,3.9968583444559047
149.89527336451582,27.197388326585656,2.907338308898467
133.0967447730156,38.67514326369117,8.228111963293209
0.22948522592752765,179.218545708654,0.5519690654170948
16.56904336557112,29.735512713926774,133.69544392050213
16.79852859150037,14.639206750091299,148.56226465840837
19.290046219188746,4.339331511468081,156.37062226934316
39.67147627038601,4.2068105633162345,136.12171316629778
4.528344017113771,167.35795396166532,8.113702021220861
4.742021496520007,170.91783949681792,4.340139006662041
16.77086658913162,103.89414747841683,59.33498593245159
20.38143005119739,22.36905055228878,137.24951939651382
14.761702202074867,163.22480517365068,2.013492624274343
14.548024722668739,164.02469802047233,1.4272772568589727
2.51917963005716,176.97507332585545,0.5057470440876953
35.14313225327232,142.474251267908,2.3826164788195476
34.929454773866034,143.33428607753618,1.736259148597762
22.900609681254533,154.81204101464172,2.2873493041038855
0.21367747940470658,179.16721242571043,0.6191100948841808
12.242522572017805,28.121270848290624,139.6362065796916
12.0288450926116,13.468127589790607,154.50302731759783
0.13252094815099044,178.73967282162803,1.1278062302195635
163.01862245019717,6.854182904307405,10.127194645495356
166.57850798534983,7.654075751129189,5.767416263520987
99.55481596694874,20.604451056512342,59.84073297653896
163.15114339834915,6.352538101610368,10.496318500040541
166.71102893350172,7.212572911238461,6.076398155259824
99.68733691510063,18.69032784834403,61.62233523655534
3.559885535152527,172.7190855530691,3.7210289117783324
63.46380648324851,36.23497286951149,80.30122064724002
67.02369201840116,17.80826659645263,95.16804138514624
174.40614427406126,5.22473187139371,0.36912385454518154
173.60625142723825,6.084766681022881,0.308981891739595
160.6558761218557,17.562521618127864,1.7816022600164365
0.79989284682143,177.1537198014359,2.046387351742304
13.750268152204903,26.107778224016137,140.14195362377893
12.950375305383128,12.040850332931715,155.00877436168517
0.8600348096279488,176.7845959468902,2.355369243481468
12.337789746733682,25.738654369470968,141.92355588379536
11.477754937105617,11.731868441192765,156.7903766217015
151.0459415774196,14.087237684674204,14.866820737906233
