134.10946374663945,23.510401201401,22.38013505195955
35.34433565243231,110.946630989936,33.70903335763172
58.46472273479281,83.06682552147531,38.46845174373189
119.91656782007969,44.45517925424792,15.628252925672413
125.41287754792849,45.48303402417738,9.104088427894144
141.98943203204658,34.03353333731448,3.977034630638891
101.84375454198701,68.65204684488283,9.504198613130118
115.09673569711286,59.109621160377245,5.793643142509942
108.91906713675412,64.84384679886033,6.237086064385561
103.71536627506491,69.82340225107988,6.46123147385519
120.85647783907976,55.07937233071939,4.064149830200759
113.38798817642096,61.750749865044625,4.861261958534413
106.45664872917729,68.39250881733892,5.150842453483828
132.7069092096978,45.34746455963664,1.9456262306658136
114.59601988814693,62.3262388549024,3.077741256950744
132.63790334150306,45.611642054418255,1.7504546040787055
129.33314389502848,48.70943179939301,1.9574243055783545
130.09561450802533,48.01163265002204,1.892752841952678
115.83194111002629,61.32806042989244,2.8399984600812944
127.81774735899215,50.181077415647536,2.001175225360236
98.76512809420711,51.89855199656062,29.336319909232273
75.64474101184662,67.12993673176203,37.22532225639134
14.19289592655974,156.5953104489677,9.211793624472573
8.696586198711056,168.69006752597966,2.613346275309346
7.879968285407207,170.94979994277486,1.1702317718175945
32.26570920465244,141.02523245933003,6.709058336017541
19.01272804952638,158.38522105721387,2.6020508932597446
25.19039660988539,151.35330585379774,3.456297536316798
30.394097471574643,145.529171598678,4.0767309297473755
13.252985907559614,165.44272473565687,1.304289356783416
20.721475570218455,157.0237117833021,2.2548126464795537
27.65281501746202,149.39467106126432,2.9525139212737153
1.402554536937438,178.5236314901915,0.07381397287205388
19.513443858492007,159.1937149639005,1.2928411776074547
1.4715604051363407,178.45945500918134,0.06898458568401734
4.77631985160957,174.98513561158995,0.23854453679877896
4.013849238613995,175.7903394240283,0.19581133735860545
18.277522636613224,160.5961824738984,1.1262948894881735
6.291716387648115,173.3943265822684,0.313957030083865
23.12038708236049,71.0433700557652,85.83624286187433
84.57223216764736,60.960987861654004,34.46677997069864
90.06854189549614,69.46302467173277,20.468433432771082
106.64509637961416,62.677887528300076,10.677016092085724
66.49941888955473,96.2494318218902,17.251149288555077
79.75240004468061,88.83283061864134,11.414769336678082
73.57473148432182,94.81407918623304,11.611189329445097
68.3710306226326,100.17535860519587,11.453610772171542
85.5121421866475,86.14326813966338,8.344589673689105
78.04365252398864,92.6499341324986,9.306413343512746
71.11231307674504,99.6698207287149,9.217866194540097
97.36257355726538,78.12960992708251,4.5078165156521885
79.25168423571462,94.91431244406847,5.834003320216846
97.29356768907067,78.66210972368727,4.044322587242184
93.98880824259629,81.67021302539943,4.340978732004246
94.75127885559294,81.01301133212347,4.235709812283586
80.4876054575939,94.07314455049398,5.439249991912172
92.47341170655984,83.16993230155539,4.356655991884779
61.45184508528688,81.20437519080181,37.34377972391132
66.94815481313566,92.3311501854638,20.720695001400536
83.52470929725364,85.11198683310975,11.363303869636647
43.37903180719423,122.87653990974731,13.744428283058443
56.63201296232015,113.4519632857778,9.916023751902058
50.45434440196131,119.99750544536208,9.54815015267658
45.25064354027216,125.82591438981065,8.923442069917163
62.39175510428705,110.16911521702679,7.43912967868617
54.92326544162815,117.23148264915665,7.845251909215161
47.99192599438455,124.73289499376392,7.275179011851518
74.24218647490481,101.4775724428561,4.280241082239052
56.13129715335422,119.01560063995717,4.853102206688636
74.17318060671013,102.0012130303104,3.8256063629794768
70.86842116023573,105.1157777652843,4.015801074479925
71.63089177323252,104.43139951411389,3.9377087126535586
57.367218375233406,118.07222531566921,4.560556309097393
69.35302462419934,106.66148776868687,3.9854876071137717
5.496309727848755,167.10905674601912,7.394633526132125
22.072864211966795,148.13482126585288,9.79231452218031
18.07281327809266,147.64964284831223,14.277543873595093
4.8198321229665915,173.0636628137818,2.1165050632519335
10.997500683325635,164.09794293994406,4.904556376730253
16.20120154501481,156.72425850877053,7.074539946214677
0.9399100190004048,178.78768981886074,0.2724001621406782
6.528579643658579,171.30454288042225,2.166877475919015
13.459919090902263,162.1194991631086,4.420581745988982
12.790341389617936,165.41982239644045,1.7898362139416095
5.320547931932469,173.68630756091093,0.9931445071567325
12.721335521423441,165.70651467623568,1.572149802341184
9.41657607494894,169.32955232996403,1.2538715950869699
10.17904668794569,168.50138836329634,1.3195649487581909
4.084626710053783,175.21346037869145,0.7019129112550825
7.901179538912464,171.04458014025278,1.0542403208351336
16.576554484117988,144.50160455230392,18.92184096357812
23.569123005941435,106.39742014085776,50.03345685320083
10.316141850815526,158.4620093086396,11.221848840544908
16.493810411174376,145.81246297440543,17.693726614420175
21.697511272863558,136.44817640200134,21.854312325135123
4.556399708848701,172.54775492376737,2.895845367383969
12.024889371507479,159.06339243966673,8.911718188825757
18.95622881875108,147.53586537736177,13.50790580388716
7.294031661769333,170.71800417370576,1.9879641645250803
10.816857659781386,165.17450008914048,4.008642251078166
7.225025793574504,171.05950909247164,1.7154651139537558
3.9202663471001005,175.07122705346492,1.0085065994346694
4.682736960096727,174.14720214669043,1.1700608932125236
9.580936437902228,167.1826800029591,3.236383559138593
2.404869811063749,176.97580339084942,0.6193267980870742
40.145677490059406,44.06199507765132,95.79232743228927
26.892696334933504,82.76986146250358,70.33744220256294
33.07036489529236,76.54347399894465,70.386161105763
38.27406575698154,73.59311999442939,68.13281424858907
21.132954192966615,123.12358786860446,35.74345793842893
28.601443855625476,101.99033753662765,49.408218607746875
35.53278330286908,93.40265447690011,51.064562220230805
9.282522822348765,164.9950153656912,5.722461811960101
27.393412143899408,130.90657751973046,21.70001033637014
9.35152869054351,165.79181275703942,4.856658552417066
12.656288137017814,160.20859084625573,7.135121016726362
11.893817524021072,161.610877559908,6.495304916070863
26.157490922020227,135.06783338360603,18.774675694373737
14.1716846730543,157.89166451979122,7.936650807154477
13.252981155125932,143.502628056033,23.244390788841102
7.0753125947670705,158.6647865679488,14.259900837284103
1.8716117330779638,174.23006053156897,3.8983277353530656
19.01272329709277,144.5687873063064,16.418489396600815
11.544233634433942,155.40109505716177,13.054671308404274
4.612894187190344,169.91274860953652,5.474357203273204
30.863154667710667,138.95498254003857,10.18186279225079
12.752265346159929,160.78578812006504,6.461946533775054
30.794148799515877,140.35687176415664,8.848979436327426
27.489389353041563,143.80002428783078,8.710586359127634
28.251859966038303,143.09053924764163,8.65760078632009
13.98818656803916,159.65280501948888,6.359008412471905
25.97399281700509,145.72129437287398,8.304712810120925
6.1776685603588675,76.33217330616301,97.49015813347815
11.381369422048023,78.86436201752547,89.7542685604265
5.759742141966928,158.9047066707426,15.335551187290541
1.7087475206920328,170.6822699639863,7.608982515321682
8.64008696793562,138.15475316638083,33.20515986568358
17.610173512584733,151.0720697405789,11.31775674683636
0.5007158089655922,178.96681199103054,0.5324722000032621
17.541167644389986,152.94525207012572,9.513580285484306
14.236408197915635,157.12303096475267,8.640560837331629
14.998878810912366,156.25014826915708,8.750972919930566
0.7352054129140628,178.58605587992093,0.67873870716592
12.721011661879164,159.49979848603164,7.779189852089131
5.203700861689154,88.12929047241211,86.66700866589872
11.937410702325712,141.30533887359974,26.75725042407455
4.468921039666765,158.2662225621567,17.264856398176452
2.4624184075766222,167.54737841008546,9.990203182337805
23.787842072943587,142.06218641412315,14.149971512933295
5.6769527513928235,168.58653583334774,5.736511415259432
23.71883620474884,144.2811375000856,12.000026295165576
20.41407675827449,148.01172088982833,11.574202351897123
21.17654737127125,147.27951757985073,11.543935048878046
6.912873973272097,167.02175702566512,6.065369001062836
18.898680222238045,150.27645374644786,10.824866031314137
17.141111564014903,128.51998228620752,34.33890614977756
9.672621901356012,137.49980424421528,32.827573854428664
2.741282454112459,166.1102639101806,11.148453635706952
28.991542934632793,134.51880615753413,16.489650907833102
10.880653613082087,158.38227611405117,10.73707027286676
28.92253706643803,137.0057427023448,14.071720231217226
25.61777761996369,140.39337464391204,13.98884773612425
26.380248232960422,139.76913256821558,13.850619198824031
12.116574834961288,157.49760495666123,10.3858202083775
24.102381083927202,142.57248606873057,13.325132847342198
7.468489662658888,46.943053433539404,125.58845690380176
14.399829109902477,59.143522160920185,106.45664872917735
11.850431370617889,154.29165070071448,13.857917928667687
6.2604579509327785,159.5629183815799,14.176623667487334
11.781425502423092,157.14439887509292,11.07417562248402
8.476666055948778,162.34529744930376,9.178036494747444
9.239136668945527,161.24825494025373,9.5126083908008
5.024536729053619,165.66918409884377,9.306279172102613
6.9612695199123955,165.44056417653758,7.598166303550132
6.931339447243587,84.75479198043783,88.31386857231855
19.31892103327672,143.53090399296042,17.150174973762873
1.2080317117260015,176.73508256344866,2.056885724825551
19.24991516508195,146.58717593818878,14.162908896729322
15.945155718607607,150.67205090999266,13.382793371399675
16.707626331604356,149.89645585240712,13.395917815988522
2.4439529336050283,174.09198854858622,3.464058517808629
14.429759182571171,153.31812149706917,12.252119320359652
26.250260480520346,132.3125663606748,21.437173158804875
8.139371158969686,158.6440037015224,13.216625139507986
26.18125461232556,135.86494862863228,17.953796759042184
22.87649516585124,139.2131626761416,17.910342158007158
23.63896577884798,138.66861633466388,17.69241788648816
9.375292380848853,157.93265460751311,12.692053011638022
21.361098629814794,141.6556429402674,16.983258429917818
18.11088932155069,44.182898983743875,117.70621169470547
0.06900586819824302,179.3387348084847,0.5922593233207286
3.3737653146691,127.86283786012173,48.763396825209185
2.61129470167248,146.13013308834334,31.25857220998429
16.87496809967148,52.058770171457724,111.06626172887081
4.889161850705616,117.16569538023194,57.94514276906252
18.041883453355904,128.4330656571445,33.52505088949958
14.737124006881583,130.50111605760492,34.7617599355135
15.499594619878318,130.80066155623717,33.69974382388453
1.235921221879129,162.47289683738958,16.291181940731203
13.22172747084513,134.34848004695087,32.429792482203986
3.304759446474332,41.50181967702621,135.19342087649946
2.542288833477753,47.56904645851705,129.88866470800536
16.805962231476723,38.474086933332686,124.71995083519062
4.820155982510852,51.37065285892428,123.80919115856494
0.7624706129967274,149.2987786408347,29.93875074616857
13.501202785002377,40.86230282791235,125.63649438708526
1.5153965360365032,88.99392752924679,89.49067593471676
14.26367339799912,39.240216893477694,126.4961097085232
2.2778671490333378,58.95442227172714,118.76771057923969
11.985806248965956,129.81437042773362,38.19982332330045
87.43622978853497,29.51841694460105,63.04535326686399
59.5564243200743,44.74980167980246,75.69377400012326
20.944778052846914,134.21517539700812,24.840046550144976
21.972632822776415,146.30993247402026,11.717434703203326
10.523132135913546,166.67006500526549,2.8068028588211957
45.141645643481844,118.64509740737046,16.21325694914772
35.5992199589762,136.00508600525416,8.39569403576962
41.33344559745937,128.97317080183822,9.693383600702406
46.31300104967893,123.1490365467185,10.537962403602561
31.568971129318392,143.06258968369724,5.368439186984346
38.24034866364364,134.6435767313425,7.116074605013874
44.88210761593789,127.01453600930463,8.103356374757503
21.837063358235497,156.14349643822763,2.019440203536847
38.81583765350127,136.81357991194056,4.3705824345580915
22.101240853017266,156.07931995722183,1.8194391897608575
25.199030597991882,152.60500055962905,2.1959688423792216
24.501231448621038,153.41020437206865,2.0885641793102456
37.81765922849147,138.21604742193887,3.966293349569732
26.670676214246683,151.01419153030957,2.3151322554440106
27.87980546846071,104.75240341339688,47.367791118142435
66.49145173568803,94.67002121928572,18.838527045026233
65.46359696575855,103.17205802936449,11.364345004876968
76.91309765262137,96.38692088593183,6.699981461446838
42.294584145053264,129.95846517952182,7.746950675424894
51.83700982955888,122.54186397627296,5.621126194168131
46.102784191075685,128.52311254386473,5.374103265059584
41.12322873885611,133.88439196282758,4.992379298316319
55.86725865921672,119.85230149729503,4.280439843488246
49.19588112489137,126.35896749013028,4.445151384978318
42.55412217259722,133.3788540863465,4.067023741056209
65.5991664302991,111.83864328471432,2.5621902849867286
48.62039213503358,128.6233458017002,2.7562620632662456
65.33498893551761,112.37114308131902,2.293867983163313
62.237199190543244,115.37924638303102,2.3835544264256234
62.93499833991386,114.72204468975522,2.3429569703307958
49.61857056004341,127.78217790812576,2.5992515318308826
60.76555357428847,116.87896565918709,2.355480766524378
38.61164626722738,119.67282693453372,21.715526798238894
37.58379149729789,130.79960192919572,11.616606573506388
49.03329218416066,123.5804385768417,7.386269238997625
14.414778676592576,161.34499165347913,4.240229669928205
23.957204361098256,151.92041502950954,4.122380609392204
18.22297872261495,158.465957189094,3.311064088291091
13.24342327039563,164.29436613354238,2.462210596061822
27.98745319075611,148.63756696075856,3.3749798484853395
21.31607565643068,155.69993439288854,2.9839899506807264
14.674316704136578,163.20134673749564,2.1243365583677725
37.71936096183826,139.94602418658818,2.3346148515735043
20.74058666657313,157.48405238368892,1.7753609497380283
37.455183467056806,140.46966477404243,2.0751517589008945
34.357393722082435,143.58422950901615,2.0583767689015096
35.055192871453286,142.8998512578458,2.044955870700931
21.738765091582675,156.54067705940125,1.7205578490162075
32.88574810582777,145.12993951241876,1.984312381753544
1.0278547699290534,177.26269032830885,1.7094549017617422
10.421645916933283,163.76307419152536,5.815279891541407
24.196867590634902,132.02138992263983,23.781742486725296
14.654441906129302,157.4354098881092,7.910148205761546
20.388667544612453,148.46969001427172,11.141642441115849
25.368222996831975,141.09600558309816,13.535771420069867
10.62419307647149,165.5840572554671,3.7917496680613785
17.295570610796673,155.67628995474976,7.028139434453518
23.937329563090938,146.49124623743612,9.571424199472954
0.8922853053860377,178.95192467789067,0.1557900167221095
17.87105960065442,158.05805463523825,4.07088576410745
1.1564628001708734,178.6652323980916,0.1783048017365865
4.254252545145318,175.04219474436303,0.7035527104916593
3.556453395774086,175.87035871103117,0.5731878931941015
16.872881175644594,159.58520745301948,3.541911371335954
5.725898161399618,173.32716693407482,0.9469349045256356
11.4495006868628,153.60569298019809,14.94480633293914
23.169012820705394,97.29333171296359,59.53765546633102
13.626587136199737,149.35792088074538,17.015491983054893
19.360812774682966,136.7083745465113,23.93081267880574
24.340368226902473,127.34408797410718,28.31554379899033
9.596338306542005,163.4436664958732,6.95999519758478
16.267715840867222,149.9593040117726,13.772980147360215
22.90947479316146,138.43177694946758,18.65874825737097
0.1355694645393662,179.8220926016025,0.04233793385093895
16.843204830724925,156.07041166124625,7.086383508028861
0.12860803023329684,179.8364024796394,0.034989490132027075
3.226397775215832,175.8246845186406,0.9489177061434623
2.5285986258445137,176.74870942541588,0.7226919487399656
15.845026405715084,158.078591575065,6.076382019219971
4.698043391470212,173.9201081812565,1.38184842727344
34.61851350756821,40.08496044701234,105.29652604541945
25.076087823062572,78.79282683186456,76.13108534507286
30.810313461545775,72.56643936830568,76.62324717014856
35.7898689137653,69.61608536379042,74.5940457224443
21.04583899340474,119.14655323796543,39.80760776862981
27.71721652773005,98.01330290598867,54.2694805662813
34.35897548002426,89.42561984626111,56.215404673714616
11.313931222322175,161.01798073505225,7.66808804262554
28.29270551758773,126.92954288909145,24.77775159332081
11.57810871710378,161.81477812640048,6.607113156495788
14.675898462078333,156.23155621561673,9.092545322304977
13.978099312707458,157.63384292926898,8.388057758023571
27.294527092577898,131.09079875296706,21.614674154455045
16.147544078332935,153.91462988915225,9.93782603251478
9.542425684505679,153.0068266691631,17.450747646331237
3.80820004602253,168.16898518107908,8.022814772898549
1.1713554061974378,176.26574085530063,2.5629037385021274
13.572674514163511,154.07298591943655,12.354339566399956
6.9012969798381665,164.90529367029197,8.193409349869828
0.259538027545738,179.4169472226647,0.3235147497903791
23.30458228524601,148.4591811531688,8.236236561585187
6.325807989980476,170.28998673319518,3.384205276824513
23.040404790464354,149.86107037728692,7.098524832248739
19.942615045489983,153.30422290096092,6.7531620535490875
20.640414194860803,152.59473786077177,6.76484794436747
7.323986414990172,169.1570036326191,3.5190099523907037
18.470969429235254,155.22549298600416,6.303537584760601
5.7342256384831956,70.53853016365323,103.72724419786358
10.713781090702701,73.07071887501561,96.21550003428167
4.030248829657938,164.69834981325252,11.271401357089658
2.641128704667484,164.8886268214766,12.47024447385593
9.282887656961758,132.36111002387096,38.35600231916735
13.762156600740342,156.86571288308886,9.372130516170781
3.216617694525205,173.17316884852076,3.6102134569541233
13.497979105958674,158.7388952126357,7.76312568140559
10.400189360984243,162.91667410726254,6.683136531753217
11.097988510355139,162.04379141166697,6.8582200779778395
2.2184392695153146,175.6203009775692,2.161259752915886
8.92854374472958,165.29344162854156,5.778014626728793
4.9795554522195316,81.89220440802652,93.12824013975397
9.764474468141056,147.54242493798523,22.693100593873734
3.093096933815691,164.50330862654224,12.403594439642065
3.5486620184785163,161.3102923456997,15.141045635821792
19.49638223922355,148.29927247850873,12.20434528226774
2.5176079439580774,174.82362189773312,2.6587701583088235
19.232204744441972,150.51822356447119,10.249571691086858
16.134414999467523,154.24880695421382,9.616778046318634
16.83221414883833,153.51660364423626,9.651182206925393
3.515786368967904,173.25884309005076,3.2253705409815954
14.662769383212826,156.5135398108334,8.823690805953797
14.744029920360576,134.98121376006273,30.274756319576724
8.072652386035248,143.96103571807052,27.966311895894236
1.4308934337413235,172.57149538403561,5.99761118222335
24.47593769144307,140.98003763138937,14.544024677167496
7.497163396177554,164.84350758790632,7.65932901591614
24.211760196661483,143.46697417620004,12.321265627138436
21.113970451687027,146.85460611776722,12.03142343054573
21.81176960105785,146.2303640420708,11.957866356871396
8.495341821187344,163.95883643051653,7.54582174829619
19.64232483543235,149.0337175425858,11.3239576219819
6.67137753432525,42.878903603338586,130.44971886233614
13.313136486619536,55.07937233071933,111.60749118266115
9.731907771082474,158.3558005309154,11.912291698002088
7.246866524182994,155.49876855137902,17.25436492443802
9.46773027630086,161.20854870529382,9.32372101840525
6.369940531326441,166.40944727950455,7.220612189168962
7.067739680697228,165.3124047704546,7.619855548848156
6.2486880991731555,161.60503426864304,12.146277632183912
4.898294915071799,169.50471400673848,5.596991078189829
6.6417589522941896,79.89353002190337,93.46471102580239
16.40328530540782,148.3921659514949,15.204548743097302
0.5754889898573435,178.4036554780173,1.0208555321252055
16.139107810626236,151.4484378967232,12.41245429265057
13.0413180656518,155.53331286852702,11.425369065821219
13.739117215022581,154.75771781094156,11.503164974035867
0.4226894351523001,178.95325050712137,0.6240600577259634
11.569672449397086,158.17938345560358,10.250944094999362
23.04504425770205,137.46340881415864,19.491546928139318
6.066269962436533,163.79484615500616,10.138883882557332
22.780866762920436,141.01579108211607,16.203342154963494
19.68307701794601,144.36400512962538,15.952917852428639
20.380876167316828,143.81945878814767,15.799665044535486
7.06444838744638,163.08349706099696,9.852054551556638
18.211431401691314,146.8064853937512,14.982083204557501
16.978774295265545,42.2372727530783,120.78395295165618
0.2641774947804101,177.39310857781925,2.342713927399197
3.3619672397560794,125.91721162945603,50.72082113078788
2.664168090385219,144.18450685767772,33.15132505193706
15.980595870255705,50.11314394079218,113.90626018895212
4.833612856010794,115.22006914956634,59.946317994422905
16.714596800483967,131.5108069140952,31.77459628542088
13.616807055509431,133.57885731455556,32.804335629934975
14.314606204880286,133.87840281318785,31.806990981931857
0.9981784250103102,165.55063809434068,13.4511834806495
12.145161439254789,137.42622130390157,30.42861725684365
3.097789744974401,39.751365072947365,137.15084518207817
2.3999905956037533,45.81859185443825,131.78141754995812
15.716418375474097,36.72363232925398,127.55994929527189
4.5694353612291785,49.62019825484553,125.81036638392533
0.697799149370381,151.25620294641362,28.045997904215554
12.61862863049963,38.90487852233385,128.4764928471665
1.4716456162544527,87.03650322366843,91.49185116007689
13.316427779870493,37.347464051525044,129.33610816860445
2.1694447656256086,57.061669429774476,120.76888580459999
11.14698301424498,132.6543688878149,36.19864809794014
15.23138473520145,41.70705014653294,123.06156511826565
104.69675845240707,31.62466795242175,43.678573595171194
116.79151552941917,40.126704762500516,23.081779708080337
137.15164806066434,33.34156761906783,9.50678432026783
89.12668046276946,66.91311191265795,23.9602076245726
106.48666906065316,59.49651070940904,14.016820229937823
99.45475385723722,65.47775927700081,15.067486865762008
93.63061960211748,70.83903869596362,15.530341701918884
113.54417273909625,56.806948230431104,9.648879030472614
105.12515978674149,63.31361422326632,11.56122598999218
97.49611906470366,70.33350081948261,12.170380115813717
126.62507949362636,48.79329001785017,4.581630488523464
107.29516296733946,65.57799253483611,7.126844497824455
126.56090301262074,49.32578981445501,4.113307172924235
123.08658361502809,52.33389311616709,4.579523268804761
123.89178742746756,51.67669142289119,4.43152114964127
108.69763047733777,64.7368246412617,6.5655448814005535
121.49577458570862,53.83361239232319,4.670613021968231
89.46537371720568,43.97905293441046,46.55557334838388
101.56013079421777,55.10582792907247,23.334041276709772
121.9202633254629,47.88666457671842,10.19307209781865
73.89529572756803,85.65121765335597,20.45348661907601
91.25528432545175,76.22664102938641,12.51807464516184
84.22336912203579,82.77218318897074,13.004447688993471
78.39923486691612,88.60059213341937,13.00017299966452
98.31278800389488,72.94379296063543,8.743419035469714
89.89377505154009,80.0061603927653,10.100064555694647
82.26473432950228,87.50757273737257,10.227692933125184
111.39369475842489,64.25225018646466,4.354055055110456
92.06377823213815,81.79027838356573,6.145943384296152
111.32951827741927,64.77589077391904,3.894590948661729
107.85519887982662,67.89045550889288,4.25434561128053
108.66040269226622,67.20607725772254,4.133520050011246
93.46624574213635,80.84690305927786,5.686851198585811
106.26438985050719,69.43616551229557,4.299444637197293
12.094757077012058,157.89726312154664,10.007979801441312
32.45488960825726,138.92302764138034,8.622082750362381
15.57007798963759,156.8614364727849,7.5684855375775575
1.7899106082458724,177.72454356174575,0.48554583000816465
5.242004595169923,173.3097365644167,1.448258840413384
11.066138850289459,165.93605213324327,2.997809016467223
8.8474142866892,169.57589619438787,1.5766895189229986
0.42840133433173616,179.48366349510852,0.08793517056258845
7.200639387703242,171.3312927875811,1.468067824715427
21.92832104121931,156.20802877196775,1.8636501868131476
2.5984045149334025,177.10189881461577,0.2996966704512871
21.864144560213774,156.49472105176312,1.641134388023221
18.389825162621147,160.11775870549127,1.4924161318872167
19.195028975060538,159.28959473882378,1.5153762861155382
4.000872024931201,175.5747459968349,0.4243819782349222
16.79901613330134,161.83278651578044,1.3681973509182703
20.360132531245164,141.88825827699466,17.75160919176015
27.6648350666497,109.01076641616699,43.324398517183276
10.304846468766044,161.07535558394878,8.61979794728519
17.336761672182003,148.4258092497147,14.237429078103332
23.160895927301645,139.0615226773106,17.77758139538776
3.2473427903232084,175.1611011990764,1.5915560106005318
11.666355742677709,161.67673871497595,6.656905542346366
19.295396464715534,150.14921165267094,10.555391882613511
9.8335639642074,168.10465789839625,2.0617781373963666
9.49635256207981,167.78784636444948,2.715801073470688
9.769387483201513,168.44616281716236,1.7844496996359893
6.295068085609188,172.4578807781553,1.247051136235058
7.100271898048395,171.5338558713811,1.3658722305705169
8.093885052081403,169.79602627826827,2.1100886696503385
4.704259056289204,174.36245711554042,0.9332838281705993
48.0249675978949,42.89176330583337,89.08326909627174
30.664979000011204,81.59962969068562,67.7353913093032
37.696894203427135,75.37324222712671,66.92986356944616
43.52102845854683,72.42288822261146,64.05608331884171
23.6074753215681,121.95335609678651,34.43916858164542
32.02648827392286,100.8201057648097,47.15340596126745
39.65552899596071,92.23242270508217,48.112048298957134
10.526568567038098,163.82478359387318,5.648647839088742
29.856485093324885,129.73634574791248,20.40716915876264
10.59074504804363,164.62158098522144,4.787673966734784
14.065064445636366,159.03835907443775,6.896576479925914
13.259860633196675,160.44064578809005,6.299493578713288
28.454017583326575,133.89760161178808,17.64838080488533
15.655873474955602,156.72143274797332,7.6226937770710235
17.35998859788372,136.79356972001543,25.846441682100895
10.328073394467756,151.95572823193126,17.71619837360098
4.50393913934795,167.52100219555166,7.975058665100312
24.417492276326804,137.85972897028884,17.722778753384347
15.998479323972054,148.69203672114423,15.309483954883733
8.369438601934197,163.2036902735189,8.426871124546787
37.4983990308569,132.24592420402098,10.255676765122125
18.168482504570065,154.0767297840474,7.7547877113825985
37.43422254985122,133.6478134281391,8.917964022009624
33.95990315225861,137.0909659518132,8.94913089592816
34.7651069646982,136.38148091162407,8.853412123677755
19.570950014568314,152.94374668347135,7.485303301960372
32.36909412293915,139.01223603685648,8.618669840204388
7.031915203415937,78.93422419942286,94.03386059716121
12.856049458535633,81.4664129107853,85.67753763067908
7.057503678443091,156.3026557774829,16.639840544074
1.3615092739116557,173.2843208572462,5.35416986884211
8.990549995949465,140.7568040596406,30.252645944409863
20.13841043297318,148.47001884731915,11.391570719707724
0.8084939066869277,178.4311371157085,0.7603689776046771
20.074233951967514,150.343201176866,9.58256487116651
16.599914554374894,154.52098007149286,8.87910537413231
17.405118366814495,153.64809737589732,8.946784257288172
2.2109614166843925,175.98400498666135,1.805033596654173
15.009105525055453,156.89774759277194,8.093146882172618
5.824134255119644,91.585588008729,82.59027773615132
14.089418881859041,137.8490413372829,28.061539780858087
5.670405929504324,154.8099250258398,19.519669044655924
1.9586347925333802,171.0036759464021,7.0376892610642345
27.170325636389126,138.60588887780625,14.223785485804648
7.8404091101022795,165.13023829703067,7.029352592867069
27.106149155383495,140.82483996376874,12.069010880847772
23.631829757790854,144.55542335351143,11.812746888697736
24.43703357023044,143.82322004353387,11.7397463862357
9.24287662010058,163.5654594893482,7.191663890551195
22.041020728471445,146.82015621013105,11.138823061397488
19.913553136978752,124.44325135646018,35.643195506561106
11.494540184623988,133.42307331446793,35.082386500908136
3.865499462586184,162.03353298043305,14.10096755698089
32.99445989150881,130.44207522778677,16.56346488070443
13.664543365222007,154.30554518430372,12.029911450474351
32.93028341050318,132.92901177259742,14.140704816899364
29.455964012910535,136.31664371416466,14.22739227292482
30.261167825350107,135.6924016384682,14.046430536181678
15.067010875220232,153.42087402691385,11.512115097865903
27.8651549835911,138.49575513898324,13.639089877425658
8.419012952354757,48.24734279032293,123.33364425732232
16.04805367439263,60.4478115177037,103.50413480790368
13.080906754530083,152.9873613439309,13.931731901539033
6.2490097717568265,160.86720773836328,12.883782489879916
13.016730273524415,155.84010951830936,11.143160208166176
9.542410875931775,161.0410080925202,9.416581031547993
10.347614688371362,159.9439655834702,9.708419728158429
4.8465422617585325,166.97347345562727,8.17998428261422
7.95160184661233,164.13627481975414,7.912123333633485
7.629040722037843,87.00960462691724,85.3613546510449
21.49991970688483,141.27609134648097,17.223988946634233
2.1700031805981426,174.48026991696872,3.3497269024332335
21.435743225879186,144.33236329170933,14.231893482411486
17.961423828286552,148.41723826351318,13.62133790820025
18.76662764072612,147.64164320592772,13.591729153346156
3.572470690596258,171.83717590210674,4.590353407296887
16.370614798967157,151.06330885058975,12.566076350443081
29.128960428922664,129.3600524394011,21.51098713167623
9.799043902635841,155.69148978024862,14.509466317115534
29.064783947917032,132.9124347073586,18.02278134472437
25.59046455032439,136.2606487548679,18.148886694807697
26.39566836276398,135.71610241339022,17.888229223845826
11.201511412634114,154.98014068623945,13.818347901126431
23.999655521004993,138.70312901899376,17.297215460001244
19.329916526286844,44.25671295661521,116.41337051709797
0.06417648100252067,179.4125487813607,0.5232747376342325
3.5384958785982406,127.93665183299309,48.52485228840865
2.7332920661585414,146.20394706121482,31.062760872626523
17.92744901628854,52.13258414432909,109.93996683938238
5.129304907917649,117.23950935310343,57.631185738978964
19.265740045281188,127.14022447953701,33.594035475181784
15.791420647688597,129.2082748799974,35.00030447231404
16.596624460128126,129.5078203786297,33.89555516124216
1.402467509998181,161.18005565978248,17.41747683021923
14.200611618369187,133.05563886934345,32.74374951228738
3.474319397592506,41.570804262708336,134.954876339699
2.6691155851530595,47.63803104419924,129.6928533706477
17.863272535282885,38.543071519014894,123.59365594570221
5.065128426911944,51.43963744460654,123.49523412848147
0.8052038124395126,149.06023410403458,30.13456208352587
14.388953137690255,41.10084736471291,124.51019949759683
1.5908090293191617,89.2324720660477,89.17671890463293
15.194156950129853,39.43602823083534,125.3698148190348
2.3960128417590534,59.150233609084914,118.45375354915612
12.798144108370861,128.68807553824524,38.51378035338385
10.08238219411138,167.04061805267588,2.876999753212819
1.5803453840334147,178.16739304733719,0.25226156863001725
8.365482527464778,170.9482296949844,0.6862877775502
25.20606176612492,151.28721722837844,3.5067210054965785
17.789460562876304,160.7117938523477,1.4987455847761344
23.77070913046776,154.16625169276372,2.0630391767687333
29.131988549430904,148.33784274831476,2.5301687022543446
15.099898083898497,163.99464192109858,0.9054599950028768
21.606564076733424,156.93227448896903,1.4611614342977666
28.626450672949716,149.43086214436173,1.9426871826888301
7.086239871316026,172.68618469527107,0.22757543341157543
23.87094238830373,155.14815649816794,0.9809011135283134
7.618739667921096,172.1625441078164,0.21871622426223006
10.62684296963342,169.04797937284226,0.3251776575232774
9.969641276359095,169.73235762401086,0.298001099629046
23.0297744947288,156.09153182245646,0.8786936828149237
12.126562245790177,167.5022693694388,0.3711683847701172
8.50203681007876,158.42416328328224,13.073799906638994
1.7168996666459069,177.39839876344863,0.8847015699049667
35.28844396023621,113.18286287761363,31.528693162150176
27.871842756987323,138.596882843083,13.531274399929705
33.853091324579076,129.6311629692455,16.515745706175426
39.21437074354187,122.25747853807192,18.528150718386204
25.18228027800938,146.74553021044093,8.07218951154969
31.68894627084458,136.83776290972352,11.473290819431899
38.70883286706088,127.65271919240993,13.638447940529161
17.168622065428426,160.11339763286108,2.7179803017105026
33.953324582414425,139.21952759021195,6.827147827373587
17.701121862033325,159.8267053530655,2.4721727849011286
20.709225163745423,156.20366769933733,3.0871071369173193
20.052023470469475,157.0318316660049,2.916144863525511
33.112156688840024,140.7466804079932,6.141162903166757
22.20894443990139,154.4886398890486,3.3024156710498955
6.785137143432642,164.970037985075,8.244824871492327
26.786407150157444,85.92898670808668,67.28460614175587
19.369805946908546,137.99357587586846,22.636618177223017
25.35105451450029,125.34402954163438,29.30491594386531
30.7123339334631,115.97974296923023,33.30792309730666
16.6802434679306,152.07932149099636,11.240435041073038
23.186909460765815,138.59495900689564,18.21813153233855
30.206796056982117,127.06743194459068,22.725771998427216
8.666585255349812,168.81356239352294,2.519852351127281
25.451287772335633,144.70606665636927,9.84264557129504
9.199085051954468,168.47205747475743,2.3288574732880933
12.20718835366664,164.46033951376407,3.3324721325692326
11.54998666039066,165.38436442053865,3.065648919070762
24.610119878761203,146.71424657018798,8.675633551050783
13.706907629822574,162.55576317637957,3.737329193797755
33.57154429359011,33.38497898556555,113.04347672084434
26.154943090341213,72.09284537041779,81.752211539241
32.136191657933,65.86645790685888,81.99735043520813
37.497471076895756,62.91610390234361,79.58642502076063
23.46538061136326,112.44657177651867,44.08804761211805
29.97204660419849,91.31332144454187,58.71463195125963
36.9919332004148,82.72563838481435,60.282428414770884
15.451722398782406,154.31799927360544,10.230278327612186
32.23642491576829,120.22956142764465,27.534013656587064
15.984222195387202,155.11479666495367,8.900981139659175
18.992325497099312,149.53157475417,11.476099748730697
18.33512380382327,150.93386146782217,10.731014728354584
31.395257022193878,124.39081729152025,24.21392568628586
20.492044773255273,147.21464842770547,12.29330679903927
7.416601203248978,160.753777344588,11.829621452163071
1.4353526356565651,175.91593585650403,2.648711507838867
3.9259267833055937,168.51879017987562,7.555283036818712
10.106163682226809,161.81993659486145,8.073899722911706
3.5994976893917943,172.65224434571687,3.748257964891502
3.4203889068246713,172.83610210190844,3.7435089912670234
18.11982189480777,156.2061318285936,5.674046276598637
1.3351193778225432,178.03693740861934,0.627943213557518
17.587322098202822,157.6080210527118,4.804656849085327
14.579218796490792,161.05117357638585,4.369607627123387
15.236420489766948,160.34168853619656,4.421890974036518
2.1762872713963124,176.90395430804392,0.9197584205599814
13.079499520334751,162.97244366142908,3.9480568182361875
5.981248567591764,64.91740396948506,109.10134746292316
11.342527986554549,67.44959268084743,101.20787933259803
2.689562478977974,170.31947600742072,6.990961513601314
3.8171035138573433,159.26750062730835,16.915395858834366
10.836990110073584,126.73998382970281,42.42302606022363
10.703220691558828,162.486839077257,6.809940231184226
6.081481825427121,167.55204265435256,6.366475520220338
10.170720894953886,164.3600214068039,5.469257698242229
7.162617593241871,168.53780030143076,4.299582105327272
7.8198192865180856,167.664917605835,4.515263107646936
5.240313931852689,169.9991747834008,4.76051128474651
5.66289831708594,170.91456782270973,3.4225338602043553
5.3612794189627735,76.51810114296687,98.12061943807036
8.670811046569737,152.91652820304483,18.412660750385456
2.164145053734625,169.87741189160164,7.958443054663868
4.855741542481913,155.9361890806402,19.208069376878043
16.684469259150603,153.67337574356827,9.642154997281171
0.1002332578396921,179.8022748372022,0.09749190495715174
16.151969462545754,155.89232682953076,7.955703707923427
13.143866160833664,159.62291021927345,7.233223619892899
13.801067854109762,158.89070690929577,7.308225236594449
0.7409346357389748,178.63294635510996,0.6261190091500503
11.644146884677722,161.88764307589298,6.4682100394293185
14.03209046553245,139.9735930583791,25.994316476088446
7.525424472697284,148.95341501638686,23.521160510915884
0.5055378764813668,177.5638746823525,1.9305874411665687
22.045748678113366,145.97241692970567,11.981834392180966
5.2610461611274975,169.83588688622254,4.903066952649882
21.5132488815085,148.45935347451635,10.027397643975057
18.505145579796423,151.84698541608358,9.64786900412
19.16234727307249,151.22274334038707,9.614909386540452
6.102214054701861,168.95121572883286,4.946570216465321
17.00542630364044,154.02609684090214,8.968476855457379
6.5066659928352015,38.59846375985028,134.89487024731451
13.526552589051501,50.79893248723107,115.67451492371742
8.01365821258087,162.6362403744036,9.350101413015544
8.771044304404965,151.21832870789066,20.01062698770431
7.4811584159759805,165.4889885487821,7.029853035241899
4.473055114263873,170.68988712299293,4.837057762743164
5.130256807539982,169.5928446139428,5.276898578517243
7.9298764108305715,157.32459442515466,14.745529164014721
2.9733358381079538,173.78515385022664,3.241510311665309
7.0198865962163355,75.44837863692509,97.53173476685863
14.520324205416099,152.83731733647318,12.64235845811074
2.2643783115697085,173.95850409303864,3.777117595391628
13.98782440881129,155.8935892817015,10.118586309487164
10.979721107099182,159.9784642535054,9.041814639395408
11.636922800375219,159.20286919591985,9.160208003704927
1.4232104179952925,176.60159810790097,1.9751914741037595
9.480001830943214,162.62453484058193,7.895463328474819
21.5402108016324,141.53043255521487,16.929356643152754
4.755508284646617,167.8618698960623,7.382621819291159
21.007711005027545,145.08281482317236,13.90947417180011
17.999607703315483,148.43102887068167,13.569363426002854
18.656809396591523,147.8864825292039,13.456708074204599
5.596676178220927,167.1505208020532,7.2528030197259366
16.49988842715949,150.87350913480748,12.626602438033023
16.784702516985874,39.675082468091716,123.54021501492241
0.5324997966055764,174.83091829283316,4.636581910562
3.540603098317054,123.3550213444696,53.10437555721347
2.8834014050410004,141.62231657269112,35.494282022267974
15.943534623411493,47.5509536558056,116.50551172078293
5.040322374472884,112.65787886457981,62.3017987609473
16.252202720381053,134.26706897736148,29.48072830225747
13.24409941866894,136.33511937782185,30.42078120350919
13.901301111945005,136.6346648764541,29.464034011600923
0.8411678935740128,168.306900157607,10.851931948818615
11.744380142512975,140.18248336716783,28.07313649031918
3.008103301712173,37.45749708978407,139.53439960850383
2.350901608435987,43.52472387127478,134.12437452028917
15.411034826806649,34.42976434609061,130.15920082710275
4.50782257786808,47.32633027168216,128.1658471504498
0.6572016932756345,153.6397573728386,25.703040933885372
12.402931525094548,36.521324095908064,131.07574437899737
1.499719276155964,84.65294879724252,93.84733192660154
13.06013321837056,35.00450708119412,131.93535970043533
2.1569209694319484,54.71871245944367,123.12436657112436
10.903212248938537,135.25362041964573,33.84316733141566
11.126774994661977,155.5471635300696,13.326061475268446
3.907611642308199,174.5213990102355,1.5709893474560002
41.672164718945496,110.30586312440093,28.02197215665358
32.24758809497595,135.71988308987036,12.03252881515375
38.79313025456029,126.7541632160328,14.452706529406928
44.621539199008886,119.3804787848593,15.997982016131825
28.964740026224973,143.8685304572283,7.1667295165467415
36.027107458354806,133.96076315651084,10.012129385134301
43.5285198029621,124.77571943919726,11.695760757840612
20.273197252054274,157.23639787964825,2.4904048682977673
37.81122544915532,136.34252783699938,5.846246713845446
20.796837839508708,156.9497055998527,2.2534565606385812
23.911402574482555,153.32666794612453,2.761929479392807
23.227024323312065,154.15483191279233,2.618143763895602
36.867850124867466,137.86968065478052,5.2624692203521
25.457112577885063,151.61164013583593,2.9312472862790795
7.219163352354122,165.2222995537044,7.558537093941552
30.545389724283503,85.67672513945722,63.7778851362593
21.120813100313974,137.74131430723904,21.137872592446996
27.6663552598983,125.0917679730049,27.241876767096798
33.49476420434689,115.72748140060081,30.777754395052288
17.837965031563016,151.82705992236697,10.334975046070019
24.900332463692834,138.34269743826619,16.756970098041
32.40174480830013,126.81517037596119,20.783084815738675
9.146422257392464,168.5613008248933,2.2922769177142013
26.684450454493355,144.4538050877399,8.861744457766777
9.670062844846592,168.2197959061278,2.1101412490255456
12.78462757982055,164.20807794513445,3.0072944750448363
12.100249328650017,165.13210285190928,2.767647819440669
25.741075130205417,146.46198500155853,7.796939868236007
14.330337583223075,162.30350160775012,3.3661608090267707
37.764553076637576,32.698691208014694,109.53675571534772
28.33997645266805,71.40655759286696,80.253465954465
34.88551861225235,65.18017012930804,79.9343112584396
40.71392755670098,62.22981612479277,77.05625631850624
25.05712838391708,111.76028399896786,43.18258761711508
32.119495816046886,90.62703366699103,57.25347051696208
39.620908160654196,82.0393506072635,58.33974123208232
16.36558560974629,153.63171149605452,10.002702894199205
33.90361380684742,119.54327365009384,26.553112543058752
16.88922619720065,154.42850888740278,8.682264915396567
20.00379093217452,148.84528697661906,11.15092209120641
19.31941268100411,150.24757369027134,10.433013628724504
32.960238482559475,123.7045295139694,23.335232003471116
21.549500935577107,146.5283606501546,11.922138414268298
9.424576623969491,157.24705633909147,13.328367036939035
2.879034464385223,172.4092148510073,4.711750684607471
2.9493744800632267,172.0255111853726,5.025114334564101
12.707424692720435,158.31321558936494,8.979359717914582
5.645057260590642,169.14552334022025,5.209419399189102
1.8563550840167662,176.34282310740508,1.8008218085783465
21.39896746689137,152.69941082309694,5.901621710011675
3.8609392697899914,174.53021640312366,1.608844327086714
20.875326879436887,154.10130004721515,5.023373073347865
17.760762144463122,157.54445257088918,4.694785284647686
18.44514039563343,156.83496753070006,4.719892073666507
4.804314594078097,173.3972333025473,1.7984521033745222
16.215052141060383,159.46572265593247,4.319225203007099
6.5455421595844,66.41614955426097,107.03830828615472
12.373951104032907,68.94833826562345,98.67771063034364
3.2828480687508597,168.82073042264474,7.8964215086043
3.779519363378892,160.7662462120843,15.45423442453685
11.280931707986188,128.23872941447877,40.48033887753509
11.97439084292183,160.98809349248086,7.0375156645973025
5.563637354179343,169.05078823912862,5.385574406692006
11.45075025546736,162.8612758220278,5.687973922504784
8.336185520493617,167.03905471665462,4.624759762851817
9.020563771663959,166.16617202105908,4.813264207276898
4.620262029891545,171.49792036817675,3.881817601931821
6.7904755170909,169.41582223793372,3.7937022449753246
5.828408944448673,78.58114031973554,95.59045073581585
9.828390228335257,150.85348902627638,19.318120745388356
2.7660227962054678,167.81437271483327,9.419604488961276
4.7353895484018445,157.99922825740876,17.265382194189435
18.51993300250611,151.6103365667997,9.86973043069422
0.9819048054047399,178.1346859860247,0.8834092085707224
17.996292415051723,153.8292876527622,8.174419932186039
14.881727680077915,157.5598710425049,7.5584012774172615
15.566105931248238,156.82766773252732,7.606226336224447
1.9252801296927906,176.56990717834162,1.504812691965287
13.336017676675288,159.82460389912444,6.839378424200357
15.65679917278385,137.44342435612472,26.899776471091393
8.594431740654114,146.42324631413243,24.982321945213506
1.0930193960470578,175.03370598009744,3.8732746238557296
24.34834194695476,143.44224822745124,12.20940982559397
6.810313749853522,167.3057181839683,5.8839680661781655
23.824701359500338,145.92918477226198,10.246113868237739
20.710136624526523,149.31681671382918,9.97304666164433
21.394514875696824,148.69257463813273,9.912910486170427
7.753689074141516,166.42104702657835,5.825263899280087
19.164426621123848,151.49592813864774,9.339645240228402
7.062367432129871,39.5039237548532,133.433708813017
14.563779776737146,51.704392482234,113.7318277410289
8.691542774170868,161.73078037940056,9.577676846428576
8.846485422930304,152.12378870289368,19.029725874175973
8.167902186716391,164.5835285537791,7.2485692595044435
5.053337451742669,169.78442712798983,5.162235420267529
5.737715702912939,168.68738461893983,5.574899678147203
7.9031100986423795,158.2300544201576,13.866835481199985
3.5076274483398975,172.8796938552236,3.61267869643631
7.501412344607307,76.90954007122264,95.58904758417007
15.753910206300642,151.37615590217555,12.869933891523797
1.7841179908005458,175.4196655273367,2.7962164818629285
15.230269618846242,154.43242784740394,10.337302533749806
12.115704883872407,158.51730281920783,9.366992296919769
12.800083135042735,157.74170776162234,9.458209103334948
0.8407426665128823,178.06275954219853,1.096497791289275
10.569994880469798,161.16337340628436,8.266631713245841
23.25532255090794,139.58774537252629,17.156932076565777
5.717294353806756,165.9191827133739,8.363522932819375
22.73168196345354,143.1401276404838,14.128190396062687
19.617117228479724,146.48834168799308,13.894541083527221
20.30149547965004,145.9437953465154,13.754709173834573
6.660669678094705,165.20783361936464,8.13149670254069
18.071407225077078,148.9308219521189,12.99777082280402
17.53802819710116,39.90265790150478,122.55931390139405
0.5236405874540212,175.0584937262462,4.41786568629941
3.6382053224283606,123.58259677788264,52.77919789968916
2.9538270712578947,141.84989200610434,35.196280922637776
16.59465287281323,47.77852908921864,115.62681803796816
5.183915325830797,112.8854542979929,61.93063037617626
17.014387609646786,133.28616786383313,29.699444526520097
13.899822874672946,135.35421826429348,30.745958861033568
14.584201125843288,135.65376376292576,29.762035111230936
0.9433753242882382,167.32599904407812,11.730625631633911
12.35411287127036,139.2015822536395,28.444304875090204
3.114564734973798,37.676213314046635,139.20922195097953
2.4301864838033373,43.74344009553756,133.82637342065894
16.071012285358808,34.64848057035321,129.28050714428798
4.660274738376442,47.54504649594479,127.79467876567875
0.6843782511695463,153.3145797153151,26.00104203351457
12.956447550384972,36.84650175343243,130.1970506961826
1.5457100034023836,84.97812645476702,93.47616354183037
13.640825801555291,35.30250818082409,131.05666601762059
2.230088254573036,55.01671355907355,122.7531981863535
11.41073754698235,134.374926736831,34.21433571618664
18.974235480166218,151.89623807843603,9.129526441397747
45.24130040566863,99.00278661472565,35.7559129796057
19.827280440199235,151.06737578250747,9.105343777293347
28.793000314036764,138.41782944827332,12.789170237689907
36.1666847452103,129.05354287586923,14.779772378920446
11.678633072841393,165.15312139763523,3.168245529523466
21.5864003735588,151.66875891353453,6.744840712906645
30.77144409087234,140.14123185122963,9.08732405789808
1.6892343495809197,178.1126376998355,0.19812795058285843
19.204635693070237,157.77986656300828,3.0154977439214665
1.4025420697809958,178.45414261860589,0.1433153116141719
2.220495583944964,177.53413942040308,0.2453649956527465
1.392331617276167,178.4581643271788,0.14950405554648025
17.677482875288884,159.78804647682713,2.534470647884003
3.93552339423357,175.62956308301855,0.43491352274774214
64.21553588583487,34.269680555470984,81.51478355869416
38.80151592036546,72.97754694032322,68.22093713931133
47.767235794202975,66.7511594767643,65.4816047290327
55.14092022537652,63.80080547224905,61.05827430237443
30.652868553007526,113.3312733464241,36.015858100568366
40.560635853724975,92.1980230144473,47.24134113182774
49.74567957103855,83.61033995471976,46.64398047424168
17.285001130587467,155.20270084351083,7.512298025901648
38.178871173236466,121.11426299755009,20.70686582921344
17.571693410382924,155.99949823485912,6.428808354757966
21.194731064111174,150.4162763240754,8.38899261181341
20.366567097443426,151.81856303772764,7.8148698648289185
36.65171835545519,125.27551886142574,18.072762783119106
22.909758874399873,148.0993499976109,8.990891127989249
25.41401996546941,129.22508418243785,25.360895852092753
16.448300091631875,144.38724269435372,19.164457214014398
9.074615660458335,159.95251665797403,10.972867681567626
33.56266733282734,130.29124343271127,16.14608923446137
23.654900032109925,141.12355118356666,15.221548784323467
14.469856314796344,155.6352047359414,9.894938949262302
46.93053475524744,124.67743866644344,8.392026578309144
26.036664712598405,146.50824424646987,7.455091040931781
46.64384247545183,126.07932789056163,7.276829633986623
43.02080482172371,129.52248041423567,7.456714764040635
43.848968788391446,128.8129953740465,7.338035837562082
27.563817530379588,145.37526114589383,7.0609213237265935
41.30577701143497,131.44375049927888,7.250472489286134
8.965719873837507,78.44867836941472,92.58560175674776
16.33940430501106,80.98086708077714,82.67972861421181
8.148647367357926,156.78820160749103,15.063151025151072
1.7591199333593757,172.79877502723787,5.4421050394025565
10.94416365067308,140.27125822963245,28.78457811969444
21.516514789777975,148.95556467732726,9.527920532894724
0.6226447471289922,178.91668294571735,0.4606723071540908
21.22982250998242,150.82874700687415,7.941430483143447
17.6067848562543,155.00652590150105,7.386689242244631
18.434948822922035,154.13364320590546,7.431407971172539
2.1497975649099708,176.46955081666985,1.3806516184200737
15.891757045965553,157.38329342278,6.72494953125439
7.373684431173539,93.03384684914239,79.59246871968408
17.11436724119548,136.4007824968694,26.484850261935115
7.206599940477978,153.36166618542632,19.43173387409568
1.9784437768354206,172.4519347868154,5.569621436348919
30.482234663615504,137.15763003739283,12.36013529899165
9.588364620966491,163.68197945661734,6.72965592241617
30.195542383820012,139.37658112335535,10.427876492824623
26.57250473009183,143.10716451309804,10.32033075681014
27.400668696759556,142.37496120312042,10.224370100120067
11.115517438747696,162.1172006489348,6.767281912317394
24.857476919803148,145.37189736971754,9.77062571047934
24.488051672368975,121.44544233999287,34.06650598763813
14.580284371651535,130.4252642980006,34.99445133034784
5.395240654337923,159.03572396396578,15.569035381696242
37.85591909478906,127.44426621131947,14.699814693891451
16.96204905214007,151.30773616783648,11.73021478002352
37.56922681499355,129.93120275613018,12.49957042887627
33.94618916126536,133.31883469769738,12.73497614103726
34.77435312793307,132.6945926220009,12.531054250066056
18.48920186992124,150.4230650104466,11.087733119632157
32.231161350976635,135.4979461225159,12.270892526507433
9.90776730071745,46.67065327139995,123.42157942788263
19.09281101803101,58.87112199878074,102.03606698318825
13.367867422420042,154.5640508628539,12.068081714726022
7.526002620228929,159.2905182194404,13.183479160330677
13.081175142624536,157.41679903723238,9.502025820143086
9.458137488896373,162.6176976114432,7.924164899660466
10.286301455564082,161.52065510239316,8.193043442042772
5.998849802447683,165.39678393670445,8.604366260847893
7.743109678607643,165.71296433867704,6.543925982715374
9.185043717313615,86.92166945635698,83.89328682632944
23.275634723137525,141.36402651704125,15.36033875982125
2.3817646804884536,174.5682050875293,3.050030231982363
22.98894244334199,144.42029846226964,12.590759094388371
19.3659047896138,148.5051734340735,12.128921776312707
20.19406875628152,147.72957837648798,12.076352867230526
3.9089174982696058,171.9251110726672,4.165971429063162
17.650876979325087,151.15124402115003,11.197878999524896
32.46067844045108,127.8919846146857,19.64733694486323
11.566808397802067,154.2234219555332,14.209769646664725
32.17398616065555,131.44436688264318,16.38164695670127
28.55094850692739,134.7925809301525,16.65647056292013
29.3791124735951,134.24803458867478,16.37285293773016
13.093961215583308,153.51207286152408,13.393965922892647
26.835920696638674,137.23506119427827,15.92901810908304
20.893870042648974,42.393062769802235,116.71306718754877
0.2866922797951611,177.54889859454508,2.164409125659848
3.9097299335235824,126.07300164618017,50.01726842029617
3.081565966855884,144.3402968744018,32.578137158742244
19.366717224867752,50.26893395751611,110.36434881761613
5.6247577438123395,115.37585916629035,58.99938308989727
20.607177762853492,127.43992114998784,31.952901087158686
16.984140109125327,129.50797155044822,33.507888340426476
17.81230407579301,129.80751704908047,32.380178875126504
1.5271528177811953,161.47975233023328,16.99309485198547
15.269112298836612,133.3553355397942,31.375552161369203
3.6230376537283284,39.92966987468523,136.4472924715866
2.7948736870605755,45.99689665617605,131.2082296567635
19.080024945072235,36.901937130991804,124.01803792393599
5.338065464016897,49.79850305658333,124.8634314793998
0.8281639666683112,150.55265023592173,28.619185797410548
15.456987291344083,39.60843123282536,124.93458147583058
1.7150278102886969,87.74005593415976,90.54491625555153
16.28515125801177,37.920651944719694,125.79419679726855
2.543191776956329,57.63485732296913,119.82195090007446
13.741959481055348,129.11245751647897,37.145583002465685
109.10097530683832,25.14015411407324,45.75887057908845
57.03638613905655,63.848020498925464,59.11559336201799
69.68593247329063,57.62163303536656,52.692434491342816
79.05021904569475,54.67127903085131,46.27850192345395
42.950640523928584,104.20174690502638,32.84761257104505
56.43500300802937,83.06849657304954,40.496500418921094
67.96253007033434,74.48081351332202,37.55665641634364
26.21639962140192,146.07317440211315,7.710425976484927
50.32389535855568,111.98473655615236,17.69136808529198
26.557904540167705,146.8699717934613,6.572123666370964
30.56962250116095,141.28674988267767,8.143627616161394
29.645597594386324,142.68903659632986,7.665365809283848
48.31571544473699,116.14599242002795,15.538292135235057
32.474198838545426,138.96982355621313,8.555977605241463
52.0645891677818,93.46917120283213,34.46623962938609
39.415042833547695,108.631329714748,31.95362745170428
30.050756261143576,124.1966036783683,25.75264006048811
66.15033478290971,94.53533045310559,19.314334763984725
52.66597229880896,105.36763820396096,21.966389497230075
41.138445236504005,119.87929175633569,18.982263007160302
82.88457568543639,88.92152568683777,8.193898627725869
58.77707994828264,110.75233126686415,10.470588784853229
82.5430707666706,90.32341491095586,7.133514322373546
78.53135280567737,93.76656743462996,7.702079759692692
79.45537771245206,93.05708239444076,7.487539893107211
60.78525986210132,109.61934816628806,9.595391971610644
76.62677646829286,95.68783751967317,7.6853860120339315
12.64954633423405,87.55402214670808,79.79643151905786
22.013832906638182,90.08621085807049,67.89995623529133
14.0857456151279,147.68285783019775,18.231396554674355
0.6013831310268153,178.09588119546922,1.302735673504111
10.926143931277805,149.37660200692582,19.697254061796375
30.8199865176546,139.850220900034,9.329792582311395
6.712490780500868,169.8113391684243,3.4761700510747673
30.478481598888802,141.72340322958078,7.798115171530393
26.46676363789554,145.9011821242077,7.632054237896662
27.390788544670276,145.0282994286121,7.580912026717636
8.720670694319505,167.3642070393762,3.915122266304191
24.562187300511077,148.2779496454867,7.159863054002163
9.364286572404092,105.82301708683231,64.8126963407636
26.735291949362015,123.61161225917957,29.65309579145843
13.250929465261272,140.57249594773646,26.17657458700227
1.7234024029563155,174.75889497549437,3.5177026215493137
43.46953285188867,124.36845979970298,12.162007348408386
19.36203711473494,150.89280921892743,9.745153666337668
43.128027933122944,126.5874108856654,10.284561181211624
39.11630997212967,130.31799427540815,10.56569575246217
40.04033487890434,129.5857909654305,10.37387415566514
21.370217028553615,149.32803041124484,9.30175256020154
37.21173363474523,132.58272713202763,10.20553923322715
36.09957852176613,106.66566996107242,37.23475151716145
22.615216037665373,115.64549191908017,41.739292043254466
11.087688975360397,144.25595158504535,24.656359439594233
52.83381942429281,112.66449383239902,14.501686743308184
28.726323687139065,136.527963788916,14.745712523944931
52.49231450552706,115.15143037720968,12.356255117263267
48.480596544533775,118.53906231877693,12.980341136689313
49.40462145130843,117.91482024308043,12.680558305611154
30.734503600957733,135.6432926315261,13.622203767516167
46.5760202071493,120.71817374359547,12.705806049255239
13.484362484100735,49.83889880092327,116.676738714976
25.011889546405747,62.03936752830405,92.9487429252902
16.7342409025267,151.3958053333306,11.869953764142695
7.373254834627097,162.4587637489637,10.167981416409232
16.392735983760918,154.248553507709,9.358710508530075
12.381018022767668,159.44945208191987,8.169529895312433
13.305042929542283,158.35240957286976,8.342547497587846
5.365074920808381,168.56502946622766,6.069895612963946
10.476441685383158,162.54471880915364,6.978839505463172
11.527527062304953,93.6665101692636,74.80596276843141
30.218603386627425,134.61918580413464,15.162210809237932
6.111107649473735,167.8233643746226,6.065527975903778
29.877098467861686,137.67545774936295,12.447443782775395
25.865380506868412,141.7603327211669,12.374286771964703
26.78940541364304,140.9847376635813,12.225856922775622
8.119287563292344,165.18027035976036,6.700442076947301
23.960804169483936,144.40640330824337,11.632792522272695
41.7461304489324,118.80466055678767,19.449208994279953
17.638634711778632,145.13609789763515,17.225267390586176
41.40462553016664,122.35704282474511,16.238331645088238
37.39290756917338,125.70525687225444,16.901835558572174
38.31693247594803,125.1607105307767,16.52235699327526
19.646814625597333,144.42474880362596,15.928436570776695
35.488331231788926,128.14773713638024,16.363931631830862
24.107495737153762,42.19493481921893,113.69756944362733
0.34150491876645883,177.3507706439591,2.3077244372749606
4.353222879759146,125.87487369559676,49.771903424644215
3.4291979729844333,144.14216892381828,32.4286331031973
22.099315823335058,50.07080600693279,107.82987816973214
6.257799217143557,115.177731215707,58.56446956714952
23.765990818387976,124.42442340606635,31.80958577554567
19.754272857394742,126.49247380652673,33.75325333607852
20.678297764169333,126.792019305159,32.52968293067163
2.0081799138187195,158.46425458631163,19.527565499869695
17.849696520010255,130.33983779587274,31.810465684117013
4.011717960993263,39.7863545630723,136.20192747593444
3.0876930542185534,45.853581344563075,131.0587256012183
21.757810904569308,36.758621819378774,121.48356727605196
5.916294298377741,49.65518774497038,124.42851795665193
0.9240249067744272,150.30728524026947,28.76868985295592
17.746092943576024,39.85379622847739,122.40011082794658
1.9045763373845042,87.98542092981182,90.11000273280372
18.670117850350664,38.0701560002648,123.2597261493845
2.828601244159009,57.78436137851434,119.38703737732658
15.841516606191563,126.57798686859495,37.58049652521348
38.707866384852245,47.71030062374369,93.58183299140406
32.481478921293316,62.87245913565956,84.6460619430471
29.531124916778072,78.43773309927987,72.03114198394206
79.06159279095311,48.776459874017114,52.161947335029765
57.928342458976324,59.6087676248725,62.46288991615118
49.34065939924879,74.12042117724725,56.53891942350397
120.93302028803988,43.162655107749316,15.904324604210789
86.84458244207912,64.99346068777571,28.16195687014518
121.72981767938806,44.564544331867374,13.705637988744517
116.14659576860441,48.007696855541525,15.845707375854056
117.54888248225666,47.29821181535232,15.152905702391012
91.00583830595471,63.860477587199604,25.13368410684569
113.82966944213987,49.92896694058471,16.24136361727541
6.226387463558958,146.66961550872597,27.103997027715103
9.176741468074193,149.20180422008843,21.621454311837397
40.353726406100876,88.56726446817967,51.07900912571945
19.2204760741241,118.98028783345063,41.799236092425296
10.63279301439654,151.50780463105622,17.859402354547253
82.22515390318763,80.73462753801599,17.040218558796383
48.13671605722689,110.69574580640634,21.16753813636679
83.02195129453582,82.60780986756278,14.370238837901397
77.43872938375218,86.78558876218969,15.775681854058124
78.84101609740442,85.91270606659413,15.24627783600148
52.29797192110247,108.24861367735816,19.45341440153935
75.12180305728765,89.16235628346868,15.715840659243648
2.9503540045150736,158.51545157817517,18.53419441730956
46.58011386965981,70.9191777678367,62.500708362503495
25.446863537682997,87.88006145639366,66.67307500592335
16.859180477955455,122.06646048415168,41.07435903789287
88.45154136674655,71.67602530836015,19.87243332489334
54.36310352078578,98.20037472758459,27.43652175162963
89.24833875809476,73.89497639432258,16.85668484758266
83.6651168473111,77.62555978406532,18.709323368623597
85.06740356096333,76.89335647408771,18.03923996494898
58.524359384661366,96.63559591990203,24.840044695436628
81.34819052084659,79.89029264068485,18.761516838468573
49.53046787417504,60.38716803761844,70.08236408820652
28.397217542198263,69.36698999562621,82.23579246217555
19.80953448247072,97.97744966159144,62.21301585593785
91.40189537126183,66.38599190894506,22.21211271979311
57.31345752530105,90.24946186546205,32.43708060923693
92.19869276261001,68.87292845375572,18.928378783634276
86.61547085182636,72.26056039532295,21.1239687528507
88.01775756547858,71.63631831962647,20.34592411489496
61.47471338917662,89.36479070807212,29.160495902751286
84.29854452536182,74.4396718201415,21.261783654496675
21.13325033197679,82.68651137196835,76.18023829605485
29.72093339170434,94.88698009934915,55.39208650894653
41.87142749708677,118.54819276228555,19.580379740627684
7.782989651125973,164.69362367999128,7.52338666888277
42.66822488843493,121.40094093666397,15.930834174901072
37.08500297765129,126.60183951087485,16.313157511473854
38.487289691303545,125.50479700182477,16.007913306871693
11.944245515001592,158.58735796272728,9.468396522271135
34.76807665118679,129.69710623810863,15.534817110704585
8.587683059727585,134.16301058818476,37.249306352087736
63.00467782906357,94.12268538521354,22.872636785722904
28.916239983102802,127.32686395570153,23.756896061195686
63.801475220411774,97.17895733044186,19.01956744914637
58.218253309628096,101.26383230224579,20.517914388126115
59.62054002328031,100.48823724466024,19.89122273205945
33.077495846978415,124.6837699408393,22.2387342121823
55.901326983163585,103.9099028893223,20.18877012751415
71.59236088879108,81.24800414044401,27.159634970764913
37.50392304283033,107.57944148129151,34.91663547587815
72.3891582801393,84.80038640840147,22.81045531145925
66.80593636935563,88.1486004559108,25.04546317473357
68.20822308300785,87.60405411443305,24.18772280255908
41.665178906705925,106.86809238728229,31.46672870601177
64.48901004289112,90.59108072003659,24.919909237072314
34.08843784596076,49.90536079570391,96.00620135833535
0.7967973913483792,174.938803379555,4.26439922909677
4.786424519435455,133.58529967208173,41.62827580848281
3.3841378057833196,151.85259490030322,24.763267293913508
29.92718198208518,57.78123198341776,92.29158603449707
7.103350845900021,122.88815719219197,50.00849196190805
34.885235237308954,106.73305532077438,38.381709441916676
29.30201332652531,108.80110572123479,41.89688095223992
30.704300040177515,109.10065121986703,40.19504873995547
4.161255863875555,140.77288650101957,35.065857635104834
26.985087000060783,112.64846971058077,40.36644328935845
5.583221910783547,46.3584782294433,128.05829985977306
4.18093519713138,52.42570501093407,123.39335979193449
30.723979373433366,43.33074548574978,105.94527514081686
7.900148237248192,56.22731141134136,115.87254035141046
1.4022867136519246,142.16365762410808,36.43405566223973
25.140757462649724,47.997423844638774,106.86181869271151
2.3169263264644457,96.12904854597322,81.55402512756227
26.543044176301954,45.735521809548636,107.72143401414944
3.7192130401166934,65.44972718779816,110.83105977208513
22.823831136185202,111.03969473335988,46.13647413045492
15.162158511915884,53.08778251732197,111.75005897076218
30.727432475536183,55.61997122868439,93.65259629577945
1.0661592502733541,177.85090254041614,1.0829382093098554
11.898467001128811,147.4378791751453,20.663653823725877
26.410120553503567,114.91036237753974,38.6795170689567
4.547645515994389,174.31646052942014,1.1358939545854234
17.283160064032028,155.72242120218954,6.9944187337784545
3.145756291876211,176.18964285896678,0.6646008491570566
0.2973962317947389,179.6325782464106,0.07002552179500393
0.412088808391951,179.49453905799706,0.0933721336105394
16.15017696345594,158.16955333123775,5.680269705306382
2.2186663168408067,177.2558107251274,0.5255229580318468
15.565273963620298,73.869389635128,90.56533640125171
14.095999261642438,155.56523971088384,10.338761027473723
3.2636915107871007,172.52612339944068,4.210185089772196
11.247962041587694,153.28747757280124,15.464560385611085
19.709804027910167,156.32208725140734,3.9681087206825634
2.1210015521157497,177.15356332936855,0.7254351185153196
18.307914803792283,158.54103833736957,3.151046858838096
14.864762280118065,162.27162172711243,2.863615992769427
15.57424732030723,161.53941841713484,2.886334262557981
0.9880184515393123,178.71834213705085,0.2936394114091789
12.94349219507507,164.53635458373174,2.520153221193318
29.661273225262743,132.4183100215605,17.92041675317675
18.82896547440737,141.39813197956826,19.77290254602436
4.317311922032631,170.0085916455335,5.6740964324338155
35.27507799153055,138.4171338928871,6.307788115582344
13.444272411504196,162.28060384940406,4.275123739091834
33.87318876741257,140.9040704376977,5.2227407948897575
30.43003624373836,144.29170237926505,5.278261376996679
31.139521283927465,143.6674603035686,5.193018412504065
14.577255512080178,161.39593269201424,4.026811795905524
28.508766158695177,146.47081380408355,5.020420037221274
10.832307750855382,30.52456403693858,138.64312821220605
25.343961303230117,42.72503276431936,111.93100593245052
5.613804766267819,170.71014009731536,3.676055136416715
16.217000813758585,143.14442898497902,20.63857020126241
4.211915542149659,173.56288827169365,2.225196186156752
0.7687630184753717,178.76378684590455,0.4674501356200358
1.4782480586646192,177.66674433685463,0.8550076044804988
15.084017713182494,149.25069470224292,15.665287584574562
1.152507066568467,178.14094642686067,0.7065465065708607
14.511653552374732,71.70012067203355,93.78822577559171
16.446112517123158,156.58557530136474,6.968312181512077
5.384693062903213,170.21024612814733,4.405060808949587
15.044223293005135,159.64184724659296,5.313929460401817
11.601070769330997,163.72672221839696,4.672207012272089
12.310555809520087,162.95112716081152,4.738317029668561
4.251709962327064,172.85334014300946,2.894949894663406
9.679800684287873,166.37279280547338,3.947406510238689
30.957766069497904,137.786923563948,11.255310366554134
9.126960489471529,164.11836090479548,6.754678605732959
29.55587684537985,141.33930583190542,9.104817322714668
26.112724321705734,144.68751987941477,9.199755798879547
26.822209361894867,144.14297353793708,9.0348171001681
10.259943590047657,163.40701181078623,6.333044599166116
24.191454236662608,147.1300001435405,8.678545619796866
21.8308055800264,34.001036191493085,124.16815822848055
1.4018892241180703,169.15687201623368,9.441238759648218
4.8450417477923,117.68097506787092,57.47398318433688
4.135556707603055,135.9482702960926,39.91617299630438
20.697822479450306,41.876907379206955,117.42527014134278
6.766311832835374,106.98383258798111,66.24985557918352
20.428916355908314,134.89501219091954,24.67607145317211
16.98576383223417,136.96306259137998,26.05117357638585
17.695248872423353,137.26260809001224,25.042143037564443
1.1329831005760436,168.93484337116485,9.932173528259073
15.064493747190994,140.81042658072593,24.125079672083054
3.44315252367403,32.652840240698815,143.90400723562703
2.733667483485073,38.720067022189724,138.5462654943253
19.295933255332216,29.62510749700522,131.07895924766254
5.364422608717365,42.52167342259681,132.1139039686859
0.7094850401898962,158.00936499996268,21.281149959848186
15.852780731658113,32.15171646878472,131.99550279955722
1.9212700850430504,80.28334117011903,97.7953887448378
16.562265771847258,30.5826161071576,132.85511812099517
2.6307551252322674,50.296821485406895,127.07242338936078
13.931510646614885,136.17337884020554,29.895110513179535
2.5321887113623527,174.38055139411003,3.08725989452766
124.7631200230943,43.815180740121654,11.421699236784047
94.35009665782336,60.77606442867857,24.873838913498084
61.82257986021777,94.96246345643661,23.214956683345633
132.59575695325793,44.57202828064514,2.832214766096967
102.63463868486754,71.0963776998696,6.2689836152629335
130.72257462371144,46.79097936660734,2.4864460096810546
126.54479572908443,50.52156275635014,2.9336415145651804
127.41767842467982,49.78935944637268,2.792962128947373
105.08177081391574,69.531598892187,5.3866302938971975
124.16802820780553,52.78629561296959,3.0456761792248472
122.23093131173187,38.76571372578106,19.003354962487048
91.81790794646092,47.745535683788816,40.43655636975027
59.29039114885535,76.35599534975404,44.35361350139061
130.0635682418956,44.76453759710766,5.171894160996704
100.1024499735052,68.62800755362467,11.269542472870134
128.19038591234892,47.25147414191825,4.5581399457327905
124.01260701772192,50.63910608348552,5.3482868987924235
124.88548971331731,50.014864007789164,5.099646278893557
102.54958210255332,67.74333639623477,9.707081501211901
121.63583949644288,52.818217508304095,5.545942995252952
30.413023365270966,31.607502246248906,117.97947438848014
62.94054016287651,43.807970973629686,73.25148886349379
7.83263693016366,169.62720188800503,2.540161181831271
22.12848133822665,144.22736719428937,13.644151467484006
5.95945460061695,172.47995006238332,1.5605953369996501
1.7816757059905475,177.6808486365934,0.5374756574162558
2.654558401585262,176.58380612754453,0.7616354708697565
19.681349209178503,150.3336329115533,9.985017879268222
0.5950918152922061,179.22388463616832,0.18102354853913435
32.52751679760554,92.36377449575944,55.10870870663501
38.24566029543466,135.92192147763885,5.832418226926493
8.284542027044226,169.12610004812686,2.5893579248287293
36.372477965887995,138.978193422867,4.649328611244946
32.194699071261034,143.06306839467098,4.742232534068034
33.0675817668564,142.2874733370856,4.644944896058073
10.731674156092497,166.48300603326453,2.7853198106429082
29.817931549982053,145.7091389817475,4.472929468270446
70.7731770930402,99.10740649499128,10.11941641196851
40.812058824649846,125.4388438358388,13.749097339511348
68.89999476349348,102.65978876294868,8.440216473557806
64.72221586886656,106.00800281045801,9.269781320675428
65.59509856446199,105.46345646898038,8.941444966557624
43.259190953698024,124.72749474182956,12.013314304472438
62.3454483475876,108.45048307458379,9.204068577828597
29.961118268390354,32.86514223690752,117.17373949470212
1.87318232954671,168.0209780616482,10.105839608805038
6.0509612241737045,116.54508111328529,57.403957662541
5.178078528578156,134.81237634150705,40.009545129914784
27.513986139342204,40.741013424621386,111.74500043603642
8.427728745452695,105.84793863339554,65.72433262115179
28.087935938843604,127.90059345714114,24.011470604015255
23.910157044216696,129.96864385760153,26.121199098181776
24.78303973981217,130.26818935623385,24.948770903953985
2.447132129048296,161.94042463738631,15.612443233565493
21.533389522937703,133.81600784694749,24.650602630114793
4.177778894626959,31.98823939154188,143.8339817138312
3.3048961990314734,38.05546617303289,138.6396376279357
25.64080380979544,28.960506647848376,125.3986895423562
6.554546415905867,41.85707257343994,131.58838101065413
0.8728826955950909,157.93933947816723,21.187777826237312
21.463024915168518,32.22174199058066,126.31523309425081
2.3767675212789627,80.35336669191507,97.26986578680595
22.335907610764004,30.489243973547147,127.17484841568884
3.2496502168745347,50.20344935179642,126.54690043132909
19.086257393889554,130.49310913489919,30.420633471211275
130.56537065398817,41.85297362030881,7.58165572570301
113.60448696543126,50.83279557831655,15.562717456252164
79.41808793767323,79.44325524428179,21.138656818044968
129.80852311346493,47.851797491635274,2.339679394900027
103.28417369424041,71.7152674481523,5.000558857607367
127.5895720275023,50.33873403644609,2.0716939360514095
123.85898863775958,53.72636597801332,2.414645384227114
124.59119194773704,53.10212390231697,2.3066841499462516
104.84895250192284,70.8305962907625,4.3204512073147
121.59425578113978,55.90547740283208,2.5002668160281125
16.96088368855696,20.185803009464845,142.8533133019782
51.14728271631494,32.386271736845636,96.46644554683944
0.75684754052482,178.9510988752095,0.2920535842659805
27.28119695974789,132.80566795750525,19.913135082746855
2.975798626485545,176.09835070083315,0.9258506726818196
6.706382016228627,170.89745212662166,2.3961658571497586
5.974178706251009,171.99449463567177,2.03132665807695
25.716418152065305,138.9119336747692,15.3716481731655
8.971114872848126,167.8021853993879,3.2266997277638736
34.186399027758014,67.48993558226137,78.32366538998065
16.2040361480336,160.7957603911368,3.0002034608297636
10.320313271191061,166.00006103837498,3.6796256904340017
13.985085062071093,163.85203233636523,2.162882601563695
10.254501672328363,167.93690730816914,1.8085910195024244
10.986704982305781,167.1613122505838,1.8519827671106506
8.75553446350851,168.64315505323708,2.60131048325443
7.989768815708592,170.58297789524588,1.427253289045525
50.39043517579152,122.32236317833689,7.2872016458716145
23.86608575656712,148.65380051918433,7.480113724248563
48.171484089829,125.87474544629441,5.953770463876666
44.44090070008634,129.22295949380367,6.336139806109904
45.17310401006387,128.67841315232602,6.1484828376101515
25.43086456424965,147.94245142517514,6.626684010575203
42.17616784346677,131.66543975792953,6.158392398603682
26.52434941922444,30.032927470810595,123.44272310996496
2.218951085962517,165.18876329555164,12.592285618485871
5.949534475705171,113.71286634718847,60.33759917710637
5.217331165727731,131.98016157541014,42.80250725886227
24.959570611541903,37.90879865852446,117.13163072993366
8.214267332324772,103.01572386729872,68.77000880037656
24.305398333261948,134.16957707240402,21.52502459433401
20.574814943519264,136.23762747286443,23.187557583616332
21.30701825349684,136.53717297149672,22.15580877500646
1.5647788076825955,168.2094082526493,10.225812939668026
18.310082086899698,140.0849914622104,21.60492645088987
3.7305833897426885,29.501793381860576,146.76762322839673
2.9983800797650715,35.569020163351496,141.4325997568834
22.7406195255794,26.474060638167124,130.78531983625348
5.995316246362185,39.37062656375873,134.63405718987903
0.7322033099778907,160.8729809927323,18.394815697290127
19.010036135836696,29.28810047601518,131.70186338814813
2.264732856619575,77.41972517734976,100.3155419660307
19.742239445814274,27.696281844599635,132.56147870958608
2.9969361665970955,47.410487222849106,129.59257661055378
16.74530327921717,135.8797394287965,27.37495729198635
8.979821958007788,12.604147283761845,158.4160307582304
37.59028162397296,24.80461601114261,117.60510236488442
5.998823871326546,171.36944314950796,2.6317329791653
29.86229382784358,125.22401223180226,24.91369394035415
8.485760416137133,168.51669497512975,2.997544608733213
11.873392357704525,163.31579640091869,4.810811241376881
11.24915028200807,164.41283890996866,4.3380108080233075
28.977622670453684,131.33027794906616,19.692099380480165
14.052503782523093,160.22052967368472,5.7269665437921216
28.61045966596522,51.92721812600915,99.46232220802564
2.980998086680874,176.3584778473894,0.6605240659289576
20.882471869835822,150.43734358212294,8.680184548041241
0.49406154187128337,179.41474979261696,0.09118866550726092
2.893570399696811,176.5003752355787,0.6060543647241561
2.2693283240004556,177.275970293164,0.4547013828361263
19.99780071244601,153.080437596985,6.921761690568973
5.0726818245155645,173.85430464850185,1.0730135269821768
31.59145775264628,143.46101999638194,4.947522250971741
7.727987796129333,169.79245733722945,2.4795548666411786
29.104521207835628,147.0134022643394,3.8820765278250406
25.71688926626845,150.36161631184868,3.921494421882973
26.341131341964942,149.81706997037097,3.841798687664182
8.612658953519553,169.08110824321992,2.3062328032605017
23.537777841450083,152.80409657597434,3.6581255825755696
23.863469956516973,27.69324807591075,128.4432819675723
2.486936544810568,162.84908390065166,14.663979554537644
5.874568486377921,111.37318695228859,62.752244561333505
5.250326410681476,129.64048218051022,45.109191408808385
22.97879879912705,35.56911926362461,121.45208193724837
8.05367991119634,100.67604447239879,71.27027561640482
21.376533411706298,139.17013593001133,19.45333065828237
17.98890147013908,141.23818633047168,20.77291219938922
18.613143545835573,141.53773182910396,19.849124625060487
0.8846711573900322,173.20996711025586,5.905361732354121
15.8097900453206,145.08555031981766,19.10465963486176
3.3876319415673377,27.430099445808953,149.1822686126238
2.763389865870811,33.49732622729977,143.73928390682948
20.491862254316377,24.402366702115472,135.10577104356815
5.566743366385789,37.298932627707,137.13432400590727
0.6242420756960363,163.28762637695897,16.088131547344553
17.104230312749152,26.87345509178807,136.02231459546277
2.179111424818471,75.00507979312238,102.81580878205912
17.72847238844562,25.389597694653663,136.88192991690073
2.8033535005150325,45.103803072903005,132.09284342658202
14.925118887930662,140.20019063611113,24.874690475958225
12.200468727380786,149.65675111576044,18.14278015685879
158.76529586574608,17.942447089158684,3.292257045095096
112.61986494804044,51.14662565964666,16.233509392312914
155.9125476913679,20.99871903438685,3.088733274245261
150.7116491171568,25.08359400619092,4.204756876652245
151.8086916262068,24.307998948605437,3.883309425187857
118.72613066530441,48.503531644784424,12.77033768991119
147.61638238992296,27.729664593267465,4.653953016809646
146.5648271383653,25.855917631497498,7.579255230137216
100.41939622065965,52.187354972344984,27.393248806995388
143.71207896398695,29.4082998994549,6.8796211365580895
138.51118038977603,32.75651394696424,8.732305663259716
139.60822289882603,32.21196760548656,8.179809495687415
106.5256619379236,51.47600587833575,21.99833218374065
135.41591366254224,35.19899421109006,9.385092126367713
46.14543091770567,30.324981055076208,103.52958802721813
2.8527481743783905,165.48081687981693,11.666434945804653
8.053646748589319,114.00491993145405,57.94143331995668
6.956604239539199,132.2722151596757,40.77118060078505
40.03916520044172,38.200852242790084,101.7599825567682
11.148913475823042,103.3077774515643,65.54330907261262
43.29268274332729,114.25644198965713,22.45087526701557
38.0917841691164,116.32449239011757,25.58372344076606
39.18882667816643,116.62403788874983,24.187135433083764
6.10626571726394,148.29627316990235,25.597461112833678
34.99651744188256,120.17185637946355,24.831626178653885
5.200898574210807,30.427644054542256,144.37145737124686
4.103856065160771,36.494870836033144,139.401273098806
37.18641702606337,27.399911310848665,115.41367166308798
8.296165301444676,40.29647723644033,131.407357462115
1.0970425090503988,158.4768151355824,20.426142355367592
31.98551845185246,31.68426633316491,116.33021521498262
3.0952667272339336,79.81589103449944,97.08884223826674
33.08256096090249,29.727608502676905,117.1898305364206
4.192309236283824,49.44181388092638,126.36587688278978
28.890251724618633,120.50809125563102,30.60165701975036
131.7143040266017,43.99869778835631,4.286998185042076
98.51012545611376,70.33013512920378,11.159739414682488
128.65803208137334,47.5510800563138,3.7908878623128905
124.57315710956952,50.89929410382304,4.527548786607477
125.34875216715504,50.35474776234532,4.296500070499611
101.15321947097597,69.61878603519457,9.227994493829476
121.92708652249306,53.3417743679488,4.7311391095581605
33.20417857048798,27.032724009981003,119.76309741953102
3.05627194522822,162.18855983472199,14.755168220049699
7.1411469170322786,110.71266288635884,62.14619019660893
6.36555185944678,128.97995811458046,44.65449002597284
30.561084555625765,34.90859519769487,114.53032024667937
9.787217504108742,100.01552040646905,70.19726208942221
30.14790662525965,130.48995138197006,19.36214199277028
26.063031653455766,132.55800178243047,21.378966564113785
26.838626711041297,132.85754728106272,20.303826007896006
2.6430940148620485,164.52978256221542,12.827123422922414
23.416961066379265,136.40536577177645,20.177673161844318
4.084874971803957,27.338910780296853,148.57621424789926
3.3092799142184237,33.406137561787666,143.28458252399398
27.504812610397433,24.311178036603412,128.18400935299917
6.730945558880421,37.20774396219494,136.06131047892467
0.7755950575855756,162.68157201223443,16.542832930180072
23.419937638593552,27.479509456512655,129.10055290489382
2.6460705870765717,75.61113415784709,101.74279525507642
24.1955326961791,25.844299077489175,129.96016822633175
3.4216656446621476,45.55850445573862,131.01982989959933
20.77386705151706,133.27842894554217,25.947704002940803
26.331437340847533,22.745725824938976,130.92283683421348
3.5523822679574195,157.9015616496799,18.54605608236263
6.9005963154667835,106.42566470131686,66.67373898321634
6.356049973989055,124.69295992953847,48.950990096472445
25.62008824683832,30.621597012652852,123.75831474050884
9.34307657959261,95.7285222214271,74.92840119898032
22.779055072890063,141.64969079665252,15.57125413045743
19.430841025380744,143.71774119711293,16.851417777506324
19.975387366858453,144.01728669574518,16.007325937396335
0.7113490940087981,175.68952197689802,3.5991289290928212
16.9883607612549,147.56510518645894,15.446534052286172
3.3482140475093334,23.548022917984067,153.10376303450664
2.8036677060316952,29.61524969947489,147.58108259449352
22.067705978880866,20.520290174290526,137.4120038468286
5.790694311635127,33.416856099882146,140.79244958848273
0.5445463414772936,167.2091207988419,12.246332859680393
18.71949193137153,22.951960669905212,138.32854739872326
2.442480264125782,71.08358537123972,106.47393436463449
19.264038272849273,21.54779900698954,139.1881627201612
2.987026605603594,41.26200438523905,135.75096900915744
16.2770116672457,142.50642343937164,21.216564893382618
135.15583582474093,10.726853962439039,34.11731021282003
83.67993887637785,12.794904362899407,83.52515676072272
101.9472341045995,13.09444986153173,64.9583160338688
7.875871187713886,44.7666851426843,127.35744366960184
72.98279639648807,16.642268352245438,90.3749352512665
51.475896948363065,42.09407900034667,86.43002405129029
33.20860172014146,48.161305781837505,98.63009249802107
127.27996463702709,39.06634625665312,13.653689106319831
62.17303942825284,51.96291218224474,65.86404838950241
18.267295228221634,100.53538181562556,61.19732295615283
75.80406768866399,89.62569965312157,14.570232658214422
10.697142479889797,137.75732435445596,31.54553316565424
94.07136291688565,70.49878910346196,15.42984797965238
28.964437708111422,90.2129944817114,60.822567810177176
65.10692520877423,18.748108698862833,96.14496609236295
2.068050400460196,7.976768787526549,169.95518081201314
2.367595899092851,14.04399556901745,163.58840853188988
34.039831180245315,4.949036043833189,141.0111327759216
5.915414389806386,17.845601969424703,156.23898364076894
0.2995454986313215,175.93946142365274,3.7609930777150358
31.971780779784904,6.100542892398929,141.92767632781624
3.8473639893460083,54.23216759373337,121.92046841692066
31.672235281152652,5.54047306959327,142.78729164925417
3.5478184907137567,25.254678447842622,151.19750306144365
28.12441679043893,146.1055523684646,5.770030841096483
6.067226781490802,14.105357764335203,159.82741545417397
3.0277327436931643,176.05572370441232,0.9165435518942843
9.86883318189809,135.8126515942537,34.318515223848216
9.094959525184395,169.12888160148302,1.776158873332409
3.8016064004072994,171.1569130202675,5.04148057932533
12.896565925591561,5.094419592542941,162.0090144818654
169.8389185312536,9.301466147308515,0.8596153214379865
121.70729382991851,29.015671525558567,29.277034644522917
48.13162470133454,4.1778760406484405,127.69049925801708
19.714205378249403,3.3182607192103344,156.96753390254017
