28.64921280112894,54.670557596639185,96.68022960223186
67.92688459290402,33.05402059329831,79.01909481379765
13.965605839077734,151.20137499147233,14.833019169449976
10.759916040625138,165.7419606746068,3.4981232847679813
26.580173451705036,133.96466611869795,19.45516042959703
44.0118224370647,109.85249101330339,26.1356865496319
21.017999437715957,152.98387899632021,5.998121565963827
15.936835505314056,160.6531151570203,3.410049337665636
53.93585850408242,105.41425770354897,20.649883792368616
26.881878206809894,146.86059179173813,6.257530001452042
78.16009509369577,79.89449900074234,21.945405905561902
46.017442639128724,120.40424588668337,13.578311474187872
36.559270345529484,135.01905694950307,8.421672704967445
34.66755915497092,138.12052592542727,7.211914919601841
39.277671791775084,41.95003567033637,98.77229253788855
14.683606962051241,154.47431591071532,10.842077127233507
17.88929676050369,157.6777954734238,4.432907766072363
2.0690393494241857,176.66325478788158,1.2677058626942665
15.362609635935732,155.4345275506976,9.20286281336668
7.631213363413004,170.60026143556783,1.7685252010194699
12.712377295814958,165.11666955349116,2.170953150693802
25.286645702953443,144.71852391318885,9.994830383857721
1.7673345943181729,177.88662240026005,0.3460430054211273
49.51088229256681,113.92917747861462,16.559940228818594
17.368229837999767,157.78157246046737,4.850197701532787
7.910057544400396,170.47635263776,1.613589817839659
6.018346353841752,172.8854013254182,1.0962523207399082
53.96127875382634,109.92235762286766,16.11636362330601
57.16696855227882,115.7088850073466,7.124146440374598
41.346711141199044,126.76780680147861,11.885482057322372
23.915062155839383,148.20499950502793,7.879938339132649
46.90888515518808,127.25190049244623,5.839214352365667
51.99004908759009,123.22300294867357,4.786947963736406
13.991026088821698,162.50620590163953,3.5027680095388307
41.045006386094094,134.41675862462895,4.53823498927691
10.233210500791754,167.0596297637225,2.7071597354859294
21.909441953775275,154.33476800150515,3.755790044719493
31.367614247374448,144.83052936489233,3.8018563877333436
33.25932543793316,143.1479088838782,3.592765678188726
3.2056897984524646,174.00224581284385,2.792064388703757
12.614567612627296,115.69737648266936,51.68805590470335
30.046216597986984,88.20867192788579,61.74511147412723
7.0523935986382495,167.6241964245971,5.323409976764677
1.9712296662363737,177.0235387811474,1.0052315526162987
39.97025266500472,96.92363700401712,43.10611033097816
12.916272367732242,159.552125924285,7.531601707982834
64.19448925461806,72.78060357239926,43.02490717298269
32.05183680005104,122.28866366276165,25.659499537187315
22.593664506451823,144.23442468258278,13.171910810965429
20.701953315893245,148.70622686269758,10.591819821409233
15.820257411079746,16.75137949090745,147.4283630980128
33.251906396439445,27.481574618840526,119.26651898472002
10.258083397090763,107.2933628423479,62.44855376056136
5.176919464688783,161.59607038508437,13.227010150226862
43.175942463457204,42.475869061973604,94.34818847456921
16.121962166184684,119.30699425249246,44.57104358132286
67.40017905307054,38.80581963592373,73.79400131100574
35.25752659850353,63.94728938937669,80.79518401211979
25.799354304904316,98.36579308216851,55.834852612927186
23.907643114345724,110.94461803604138,45.14773884961291
17.431648985359693,79.04292390876803,83.5254271058723
5.56217401398901,168.98966759829858,5.448158387712458
10.643337946390984,162.74939093794103,6.607271115667926
27.35568505237741,101.99590661060373,50.64840833701887
0.3017047551052484,179.46989169930646,0.22840354559111808
51.57992164199076,75.7535301243804,52.666548233628845
19.43726918742372,136.83128809602346,23.73144271655279
9.979096893824533,162.11920737047262,7.901695735702933
8.087385703265925,166.4482048344008,5.464409462333308
22.993822999348712,137.70312220321546,19.303054797435852
28.074986931750676,136.67363455582066,15.251378512428655
9.924036067017697,139.79920561233286,30.27675832064945
17.129944230254786,150.93346229792542,11.936593471819833
34.14827265663107,91.73716433169669,54.114563011672246
2.00562020206382,175.21577081058314,2.7786089873530866
7.452552091535072,166.71073130532156,5.836716603143434
9.344263282093733,164.4927652286175,6.162971489288767
5.0811639324019735,157.66603151917508,17.252804548422958
32.91785906636647,35.89956163002146,111.18257930361209
5.863878769094009,141.41740901314947,32.71871221775661
57.1420956559798,37.176966379995825,85.68093796402437
24.999443201412774,56.75932080088495,98.24123599770228
15.54127090781357,103.1880996859221,61.27062940626435
13.649559717254972,123.17630089614953,43.174139386595506
37.99902299876842,26.23174021658057,115.76923678465101
10.945042701495895,55.876947239213784,113.17801005929033
62.22325958838177,28.226599167076284,89.55014124454195
30.080607133814752,37.60315389966308,112.31623896652216
20.622434840215544,58.23941282738066,101.13815233240382
18.73072364965697,72.64562901687101,88.62364733347205
27.05398029727253,127.22478032673608,25.7212393759914
24.22423658961338,72.95847941703698,82.81728399334968
7.918415864953667,150.7851389104999,21.29644522454644
17.37658815855291,142.41252734408536,20.21088449736179
19.268299349111516,142.4907666260685,18.24093402482002
51.278216886885865,31.395056825320886,97.32672628779325
19.13556443231883,37.936958510122246,122.92747705755892
9.677392138719648,72.37758283246633,97.94502502881404
7.7856809481610485,109.35522321197756,62.85909583986141
32.14265245456703,103.69581083197983,44.16153671345315
41.60082474816622,106.92158522511865,31.477590026715113
43.49253593872485,108.48401136368506,28.02345269759012
9.4581722935992,143.889358454245,26.652469252155793
11.349883484157822,145.80114224818564,22.84897426765657
1.8917111905588104,160.2237305482927,17.88455826114866
21.616537003340888,138.6302652725682,19.753197724090924
96.53081739483316,57.79408630848344,25.675096296683424
111.07140307796752,60.99756587119185,7.931031050840641
79.2941085220588,79.98302518565008,20.72286629229114
55.181933416664215,107.88524284707053,16.932823736265274
98.31332139968104,73.9200318333359,7.766646766983072
105.98255756038117,68.4364399512593,5.581002488359576
50.74370010690977,118.60124648457933,10.65505340851093
92.1900341950989,81.20639279802744,6.603573006873633
25.22394140410316,149.39059291915353,5.385465676743289
65.73368829004421,105.53819793730075,8.728113772654993
80.34849935286388,92.84341776000825,6.808082887127883
83.44996832878805,90.4343690723502,6.115662598861773
118.14735439817402,30.90326280907001,30.949382792755966
132.6879400813084,36.689790193548916,10.622269725142678
100.91064552539966,47.748711987681006,31.340642486919364
76.79847042000509,69.18590469123032,34.015624888764606
119.9298584030219,48.23280567864858,11.837335918329515
127.59909456372205,44.203908134875974,8.196997301401943
72.36023711025065,83.48711108784194,24.152651801907414
113.80657119843978,55.39766381083127,10.795764990728944
46.840478407444,113.92127542247994,19.238246170076067
87.35022529338505,75.3156731877075,17.334101518907442
101.96503635620473,65.81143455109458,12.223529092700687
105.06650533212894,64.12881407008054,10.80468059779053
14.540585683134285,159.16922664339367,6.290187673471973
17.236708872774376,130.53039565211932,32.23289547510631
41.348883978168935,103.04169109733579,35.609424924495286
1.7825040048480012,177.54278440595294,0.674711589199644
9.451740165547934,168.14344204940272,2.4048177850493713
45.7871172879234,111.75665617346708,22.456226538609517
4.340783199734216,174.38514509373496,1.274071706530646
71.30687599072999,87.61362274184921,21.07950126742079
30.797129104789025,137.12168283221158,12.081188062999413
16.182318041969378,159.0674438520326,4.750238105998067
13.08084906604524,163.53924603214745,3.3799049018073726
31.777294555908686,20.249502775675598,127.97320266841572
55.88946966130325,30.979697903608667,93.1308324350881
12.758081678286427,110.79148612711606,56.45043219459751
5.088845517586346,165.09419366985261,9.81696081256112
60.327702971057704,45.97399234674174,73.69830468220057
18.88136888286853,122.8051175372606,38.313513579870865
85.84746167386433,42.30394292069185,51.848595405443824
45.337714787923304,67.44541267414483,67.21687253793186
30.722903725103645,101.8639163669366,47.41317990795976
27.62143474917944,114.44274132080952,37.93582393001105
24.112175105394584,98.49808433836505,57.38974055624038
19.01921287762224,149.53450716870154,11.446279953676216
26.68844903832238,143.29423050834404,10.017320453333616
28.550408415149022,121.45106704020073,29.998524544650266
12.895925673040118,161.07494787109883,6.029126455861019
54.07016711795566,95.20869055397742,30.721142328066936
13.56042023201468,156.28644852562041,10.153131242364939
1.0543908308057057,178.42563219992948,0.5199769692652243
4.155859806729414,174.09663473600196,1.7475054572686464
43.131387983016815,111.56743565358353,25.301176363399666
50.800624143716966,110.53794800618874,18.66142785009431
4.438233309754375,165.9348921619646,9.626874528280927
37.008100778434724,124.79777574829347,18.194123473271805
29.957992012561096,117.87285088132859,32.16915710611035
10.551754873379975,158.6485426397852,10.799702486834835
25.166565936199646,140.5750447556895,14.25838930811087
28.26803491212384,138.35707867898552,13.374886408890612
7.669236160700166,151.6679099532113,20.662853886088552
47.56962129277126,41.89768319598528,90.53269551124346
6.123287204582123,147.4155305791133,26.461182216304636
73.08937999557789,43.17508794595964,63.735532058462475
32.579633109636866,62.75744236684876,84.66292452351438
17.9648220468172,109.18622125188587,52.84895670129694
14.863353070892986,129.17442246211334,35.96222446699368
55.23885745347142,29.641789554246195,95.1193529922824
13.792523365282287,59.28699657687938,106.92048005783836
80.75861615627805,31.636648504741924,67.60473533898005
40.24886927033704,41.0132032373287,98.73792749233428
25.634058207517363,61.64946216504625,92.71647962743641
22.53258923159315,76.05567835453662,81.41173241387023
41.44633408818916,106.57489653436747,31.978769377443363
25.519758702806612,93.60836320940561,60.87187808778776
14.989988183134432,130.13525511813125,34.874756698734345
29.604799245954077,121.7626435517167,28.63255720232922
32.706268221878275,121.84088283369988,25.452848944421845
66.96609279099579,37.65258682677287,75.38132038223135
26.45634590505477,44.19448851157422,109.34916558337102
11.841534842235106,78.63511283391826,89.52335232384665
8.74006586631089,115.61275321342953,55.647180920259586
40.50974688594103,81.75040492641791,57.73984818764108
55.12455794876071,84.97617931955672,39.89926273168257
58.2260269246849,86.53860545812316,35.23536761719195
14.614811062819724,130.31104698005706,35.07414195712327
17.716280038743893,132.2228307739977,30.060889187258393
3.1014689759242557,151.8020578433254,25.0964731807504
163.5756484189483,11.150065084979142,5.274286496072624
160.37216885623997,16.936592469458,2.6912386743020447
141.3867095417817,27.995514263590096,10.617776194628226
113.48449188036125,49.4327069671394,17.082801152499332
147.44970289409585,28.479607954557686,4.070689151346536
152.9332947761726,24.450710410784986,2.6159948130425956
102.7684882428525,63.733913363751014,13.497598393396517
140.16334192940437,35.64446608674033,4.1921919838553245
71.97914180827823,94.16807769838903,13.85278049333273
115.83153679013098,55.56247546361662,8.605987746252389
128.5263169674235,46.058236827003704,5.41544620557279
130.93536565508165,44.375616345989584,4.689017998928797
3.203479562708082,175.1556770599233,1.6408433773685527
22.188938877166642,104.85529935543592,52.95576176739744
50.09115653858708,77.36659480065235,52.54224866076056
16.125945524852483,156.78211929736364,7.091935177783901
10.642353642775825,166.18146165391397,3.176184703310253
60.8071601760959,86.08155987678367,33.111279947120416
23.412306489543997,148.71004879705154,7.877644713404466
91.59650661067009,61.9385264451658,26.46496694416409
47.74411162881735,111.44658653552818,20.809301835654455
35.04933145152486,133.3923475553493,11.558320993125875
32.64028276386679,137.86414973546405,9.495567500669107
18.985459314458186,12.318471724834977,148.6960689607069
46.88767697587862,23.048666852768037,110.06365617135336
12.922465962144035,102.8604550762754,64.2170789615806
7.438874080067446,157.16316261901184,15.397963300920708
57.60368061338745,38.04296129590108,84.35335809071148
20.208826926835517,114.87408648641994,44.91708658674456
88.39302704796167,34.37291186985122,57.23406108218715
44.54063206610891,59.51438162330419,75.94498631058691
31.845851888816416,93.93288531609598,54.221262795087625
29.43680320115832,106.51171026996886,44.051486528872836
27.902217661420426,77.77521804607392,74.32256429250566
6.062993352314204,170.25737346099268,3.6796331866931555
11.546585234390786,164.01709680063516,4.43631796497405
38.61822129892927,100.72820074790958,40.65357795316116
1.2233676123775015,178.20218583660954,0.5744465510137333
69.40756773350347,74.48582426168629,36.10660800481025
25.5551727516507,135.56358223332933,18.881245015019942
12.860392574358233,160.85150150777847,6.2881059178633585
10.451343886700204,165.18049897170658,4.368157141593176
33.965211013734624,128.5002593898488,17.534529596416604
39.448802895811255,127.470771742454,13.080425361734761
10.716003637508841,149.0020684256994,20.28192793679177
26.678850049043152,141.73059948455872,11.590550466398135
41.505350072083026,100.94002714506333,37.55462278285367
2.347044909769751,175.5813663760505,2.071588714179803
15.041825087062232,157.50786849195484,7.4503064209829555
17.45087377472036,155.2899024152508,7.259223810028871
5.483591882076639,159.43455672019434,15.081851397729048
44.68121465124343,34.13103642900221,101.18774891975437
7.286360964691537,139.64888381213015,33.064755223178345
75.47056108581764,35.408441178976574,69.12099773520579
31.61816610396488,54.9907955998657,93.39103829616943
18.923385926672385,101.41957448490284,59.657039588424794
16.514337239014296,121.40777569513025,42.07788706585545
50.16480653332004,24.060787065886657,105.7744064007933
12.769952846768096,53.705994088519844,113.52405306471204
80.95415296789427,26.055646016382376,72.99020101572336
37.10175798604152,35.43220074896917,107.46604126498931
24.406977808749026,56.06845967668673,99.52456251456425
21.997929121090916,70.47467586617711,87.52739501273199
37.39485368655195,117.22994994287835,25.375196370569697
30.789346434574206,82.95330980089471,66.25734376453107
13.06304854727852,140.79030852664218,26.146642926079277
25.757828724571034,132.41769696022763,21.82447431520134
28.166877412229145,132.49593624221077,19.337186345560088
68.18420012112615,31.04901381989918,80.76678605897465
24.331805139273413,37.59091550470056,118.07727935602604
11.637024961980893,72.03153982704463,96.33143521097448
9.227976274322803,109.00918020655587,61.762843519121326
43.852394981852754,87.13587060316124,49.01173441498601
56.547175159145254,90.36164499630006,33.09117984455471
58.956223846803354,91.92407113486647,29.11970501833018
12.694780177292499,139.03916075271212,28.266059069995393
15.103828864950579,140.95094454665275,23.94522658839666
2.4090486876581205,158.61014073045317,18.98081058188874
5.78652738447882,169.88139056385057,4.332082051670556
16.84544917861094,99.58101285936337,63.573537962025675
38.282641882160284,72.0923083045798,69.6250498132599
17.32954286957856,151.5078328012911,11.162624329130349
13.300645325805952,160.9071751578415,5.792179516352683
52.583848278771946,80.80727338071112,46.60887834051695
24.49440100176123,143.43576230097898,12.069836697259758
83.01801261340991,56.66423994909324,40.31774743749684
44.4124103786375,106.17230003945565,29.415289581906862
34.908171742024585,128.11806105927673,16.973767198698688
33.22555126101056,132.58986323939158,14.184585499597846
11.058921794132,9.627233050532887,159.31384515533514
32.49611449768134,20.357428178465952,127.14645732385272
11.543015485099687,100.16921640197332,68.28776811292707
7.514117941327036,154.4719239447098,18.01395811396322
46.79732089429301,35.35172262159901,97.85095648410798
18.7078736172823,112.18284781211786,49.10927857059985
77.23148522893098,31.68167319554914,71.0868415755199
38.625882994158566,56.82314294900211,84.55097405683932
29.12164435754567,91.24164664179389,59.63670900066045
27.43902387653162,103.8204715956668,48.740504527801576
21.437192703549318,67.15744185144568,91.40536544500499
0.4840936909674402,179.1248503443799,0.39105596465376097
3.544803852804946,174.63487299526355,1.8203231519317065
35.73839910016099,90.11042455328138,54.15117634655765
7.648951823150206,167.58440964198184,4.766638534868001
66.17256343479895,63.86804806705806,49.95938849814299
27.566961200026533,124.94580603870111,27.48723276127235
18.06272256341359,150.23372531315022,11.703552123436147
16.380102082399564,154.56272277707848,9.057175140521968
20.953099012581728,145.58306054234814,13.46384044507014
24.981996556354353,144.55357289495336,10.46443054869234
14.30120639661168,131.91926727320015,33.77952633018823
13.78824088039912,158.81340063705807,7.398358482542782
44.735370731249624,83.85722599256398,51.40740327618641
6.1297684964771975,167.33583247145015,6.534399032072597
3.374470140135599,174.59066964445415,2.03486021541014
5.057090621149573,172.37270356775034,2.5702058111001125
4.028897543772754,163.5052458715408,12.465856584686613
35.254305409193385,30.060347277655755,114.68534731315086
7.164858132182617,135.5781946607837,37.256947207033626
65.68846974383135,31.337752027630117,82.97377822853854
27.082867509058943,50.92010644851924,101.99702604242182
17.578628872446014,97.34888533355637,65.07248579399761
15.89600839143202,117.33708654378384,46.76690506478416
39.28320295296598,21.44479225284421,119.27200479418981
11.193755675955298,51.08999927547736,117.71624504856734
69.71736728760398,23.439651203339924,86.8429815090561
31.111765052831583,32.8162059359267,116.07202901124172
21.60752641621867,53.45246486364426,104.94000872013709
19.924905935204624,67.85868105313465,92.21641301166072
28.08944727701074,130.72754833627488,21.183004386714405
30.434164334637995,69.45571140749819,80.11012425786384
8.171437900134473,154.28790692003867,17.540655179826903
17.675676536747375,145.91529535362412,16.409028109628508
19.358297017761362,145.9935346356073,14.648168346631333
58.5236116116487,26.856821836043906,94.6195665523074
19.91800937687627,33.39872352084529,126.68326710227845
10.413770740263363,67.83934784318934,101.7468814165473
8.731150259249349,104.81698822270064,66.45186151805002
38.605602234772405,100.98865109649398,40.405746668733606
48.10984087138533,104.2144254896328,27.675733638981892
49.792461352399364,105.77685162819922,24.430687019401415
9.50423863661293,147.64514849896452,22.85061286442255
11.186859117626923,149.5569322929052,19.256208589467867
1.682620481014271,164.02558693602626,14.291792582959754
70.30037770448705,13.959315102203547,95.74030719330939
97.78908225927061,24.689510230136605,57.52140751059277
18.373557762559305,104.50129845364403,57.12514378379668
8.97421540600901,158.80400599638048,12.22177859761052
89.0741171831393,39.68380467326967,51.24207814359102
26.44562826287139,116.51492986378855,37.039441873340046
113.21715061475719,36.0137552472198,30.769094138023032
63.709090524394774,61.15522500067278,55.13568447493245
41.76332950457367,95.57372869346457,42.662941801961765
37.29152732445884,108.15255364733748,34.55591902820369
27.488704554783546,130.73097981347138,21.78031563174509
51.926819941927725,117.30161169359523,10.771568364477055
61.326162298478025,111.0613350332377,7.61250266828427
18.773739478652228,153.68396251530706,7.542298006040725
43.854749441615596,128.84205239599254,7.3031981623917925
42.91677291027014,127.44158602908371,9.641641060646132
6.591287180092207,171.48065599927327,1.9280568206344966
28.53704819991335,146.19273672482413,5.270215075262546
33.00885038002815,141.86373926089595,5.127410359075898
79.4155244967113,75.95801072908823,24.62646477420047
88.8148668532616,74.92852308169343,16.256610065044978
8.71496507613136,158.45568291354,12.829352010328709
71.34345399639922,89.18835082379819,19.468195179802603
15.428068355486568,153.48227580582383,11.089655838689543
34.07999173487584,123.03911771528996,22.880890549834213
56.02575275469694,104.96561983119425,19.008627414108833
60.49755493481174,102.74765375449027,16.754791310698003
9.399342356550296,152.34262154241046,18.25803610103928
70.70055942057998,41.22297160678609,68.07646897263392
8.07207050031209,146.7408189899141,25.187110509773813
94.84359285219786,42.50037635676046,42.656030791041694
45.335532761835466,62.08273077764957,72.58173646051495
23.389771742014375,108.51150966268672,48.09871859529893
18.91796956189953,128.4997108729142,32.58231956518628
80.09990177713027,27.236971769196856,72.66312645367286
17.471412856862404,56.88217879183008,105.64640835130753
104.24293520874816,29.231830719692585,46.52523407155926
54.73487511838578,38.608385452279386,86.65673942933485
32.789114098564674,59.244644379996934,87.9662415214384
28.317311918449843,73.65086056948732,78.03182751206283
62.628488920267884,84.11866999575793,33.25284108397416
24.143033431617873,116.06458974801512,39.79237682036699
25.365026658744497,107.67902857952174,46.95594476173375
47.31078767856561,99.3064170131072,33.3827953083272
51.782589858680446,99.38465629509037,28.832753846229206
86.77152235188576,38.92665853330368,54.30181911481057
37.26346226152337,45.46856021810504,97.26797752037159
15.31770124170228,79.90918454044909,84.77311421784864
10.845899061587474,116.88682491996039,52.267276018452186
49.50806009036239,60.67090365899714,69.82103625064046
71.4538211101835,63.89667805213595,44.64950083768056
75.92562329029835,65.45910419070239,38.61527251899928
21.94576101982111,118.22985891705765,39.82438006312125
26.417563199935934,120.14164271099833,33.44079408906577
4.471802180114881,147.05181973732743,28.476378082557723
10.730195127933044,133.52871299321924,35.7410918788477
90.54198335144045,21.561304500285793,67.89671214827375
144.84469089417695,15.321027839928304,19.83428126589478
25.724489571066123,110.57573029138355,43.69978013755033
102.55561476158499,33.1017452026831,44.34264003573193
22.054440145016265,136.81810677760689,21.127453077376874
47.195909898469225,75.74034880596382,57.06374129556696
81.61441359126103,50.45242953151472,47.93315687722428
94.19323854513391,46.1234320675865,39.68332938727959
79.81178822350739,18.436603218495453,81.75160855799717
134.1144957662439,17.407115571100658,28.478388662655487
14.994294443133077,100.93427540294721,64.07143015391972
91.82541963365193,31.666943313205408,56.50763705314266
11.32424501708319,148.99631668358333,19.679438299333494
36.46571477053617,65.51771020469717,78.01657502476668
70.88421846332795,47.444212320601466,61.67156921607059
83.46304341720086,45.22624624389748,51.31071033890167
54.30270754273649,95.21747775861374,30.479814698649772
64.8174937803743,98.34811539058279,16.83439082904288
12.013631410144567,156.13403722628917,11.85233136356628
68.48754320642419,99.62552014055716,11.886936653018635
43.34607345297123,119.20787456144627,17.446051985582518
8.927569760179416,165.6366534464834,5.435776793337224
3.651255193693388,174.375145343289,1.9735994630173639
119.12020132311079,39.45875036680741,21.421048310081822
42.28907613259194,69.1039573894406,68.60696647796748
122.79025074916069,41.4536093173031,15.756139933536238
97.64878099570772,50.83016404988988,31.521054954402402
63.23027730291592,71.46642297760744,45.30329971947665
50.65145234904302,85.87263916709783,43.47590848385916
76.83112519051888,32.87659185216689,70.29228295731423
3.670049426049849,167.30666789160617,9.023282682343961
21.4714203274031,56.4369504359307,102.09162923666621
55.8899240201949,48.06433886951615,76.04573711028895
68.4687489740678,48.14257815149932,63.38867287443289
80.50117461656876,75.96610040664373,23.53272497678752
55.35970486311578,82.50800209144509,42.13229304543914
20.94120117032399,116.94862641378914,42.11017241588688
8.362376216451043,153.92626679330039,17.711356990248515
25.141469753452967,29.901809520974087,124.95672072557294
59.559973446244776,33.127583914112925,87.31244263964231
72.13879840011768,34.690010052679355,73.17119154720298
34.418503692791795,63.0941744421252,82.48732186508302
46.99732864666469,65.00595823606585,67.99671311726945
12.578824953872916,104.38887793536563,63.03229711076146
111.96740849293344,54.17769509734315,13.854896409723414
118.20768515329097,53.14820744994835,8.644107396760667
22.952982701835708,136.6753672817949,20.37165001636939
100.42696779053618,67.40803519205308,12.164997017410737
3.289393784387677,175.26259143756897,1.4480147780433823
57.788364187255425,101.25880208354486,20.952833729199703
83.07628346170453,83.18530419944916,13.738412338846315
87.40528092563275,80.96733812274518,11.62738095162209
6.240276660357501,163.1141899068875,10.645533432754954
89.01442579109775,30.451403242309034,60.534170966593216
11.54044070239727,135.96925062543698,32.49030867216572
115.25680227732107,31.72880799228339,33.01438973039553
54.17904430567801,51.31116241317252,74.50979328114947
28.891125031228892,97.73994129820966,53.368933670561454
24.562127567300703,117.7281425084371,37.709729924262206
95.25470245145526,19.624469100912606,65.12082844763215
17.78071736275479,49.2696761235458,112.94960651369942
121.49707893767858,21.619328051408313,36.8835930109131
60.419320966035535,30.99588278399512,88.58479624996936
35.13140169158642,51.63214171171267,93.2364565967009
30.8024042276582,66.03835790120306,83.15923787113876
77.47398508870049,76.5763719897172,25.949642921582303
26.242376486223314,123.60688775405585,30.150735759720835
34.835381485419745,100.13673057348102,45.027887941099245
60.12330075986883,91.76411900706647,28.11258023306468
64.45229822379706,91.84235828904964,23.705343487153304
103.7163615749238,31.623460370911804,44.6601780541644
42.638603603280735,38.165362055713175,99.19603434100608
17.350684328831584,72.60598637805724,90.04332929311113
13.021686864903403,109.58362675756852,57.39468637752808
61.077757971643045,51.02926259835098,67.89297943000597
86.36567724609216,54.2550369914898,39.37928576241805
90.6946747100204,55.81746313005622,33.487862159923395
25.28791927444911,120.15791573769218,34.55416498785873
29.616916738377316,122.06969953163282,28.313383729989866
4.328997463928161,152.32203481258995,23.348967723481863
1.0294876473947812,176.969086316611,2.0014260359943847
82.49767218445176,16.59650683258562,80.90582098296262
13.230340094709934,122.11435421571362,44.65530568957642
130.5597134650879,17.873911582559984,31.56637495235213
47.08110698620172,37.4562660034491,95.46262701034918
29.007609102106024,83.88504488848623,67.10734600940776
26.78964302540202,103.8732460987137,49.337110875884285
83.52715983184653,10.98036170415188,85.49247846400156
14.259827742104743,40.62556872678512,125.11460353111015
131.5892011124827,12.975220654647629,35.43557823286969
48.11059463359652,22.351775387234422,109.53762997916907
30.037096749500822,42.98803431495197,106.97486893554722
27.819130672796824,57.39425050444235,94.78661882276083
69.26733208974181,96.94802200608663,13.784645904171562
48.06204128063613,103.23523773768645,28.70272098167744
35.416565198250055,120.50838058985042,24.075054211899545
53.49006308234574,112.13576902343588,14.374167894218385
55.708029159049744,112.21400830541904,12.077962535531233
117.32937337037795,19.458463353501063,43.212163276121
33.85076689149176,26.000365038302416,120.14886807020582
15.777269007396063,60.440989360646476,103.78174163195746
13.559302930692052,97.41862974015775,69.02206732915019
83.47860647888616,49.58124782030758,46.94014570080627
101.5521043629819,52.807022213446395,25.64087342357175
103.7700704396859,54.36944835201282,21.86048120830132
18.073497884095712,141.1107494668919,20.815752649012413
20.2914639607997,143.02253326083252,16.686002778367776
2.2179660767039318,166.06044715143625,11.72158677185979
166.43440685080338,8.97893566815771,4.586657481038909
60.916559467675484,38.62414269079082,80.4592978415337
165.1570021008291,10.973794618653313,3.869203280517497
145.57464767994003,20.35034935124011,14.075002968819888
99.14586879490288,40.98660827895766,39.867522926139465
79.15766758467541,55.39282446844806,45.449507946876544
105.517847383128,16.042201023123987,58.439951593747985
1.2774047499745582,175.8589412793508,2.863653970674745
20.85975917086349,39.60255960688781,119.5376812222487
67.28853805590062,31.22994804047326,81.48151390362612
87.27673926612808,31.30818732245644,61.415073411415506
104.24044263315363,64.11376904307748,11.645788323768842
84.65808821226452,70.65567072787886,24.68624105985664
38.2293093272274,105.0962950502229,36.67439562254972
18.241108116999925,142.07393542973418,19.68495645326587
19.58235442088911,18.014872867955457,142.40277271115542
66.01113330592626,21.240647261094278,92.74821943297947
85.99933451615372,22.80307339966071,71.19759208418557
46.42877888503713,45.6481224565427,87.92309865842017
66.41698009526459,47.55990625048335,66.02311365425207
19.988201210227455,98.95310114202849,61.05869764774406
29.64520702263325,11.455543542085099,138.89924943528166
1.9948589504955874,171.27228379831223,6.732857251192156
11.371413683082503,35.015902125848946,133.61268419106855
32.00767261080008,26.64329055943435,121.34903682976558
46.413888800290465,26.721529841417524,106.86458135829201
27.6503480721375,144.57306688461122,7.776585043251361
18.273793339550664,151.1149685694126,10.61123809103672
2.362465588166806,174.44440710824355,3.1931273035896366
16.7686817776572,137.4667667287321,25.764551493610618
9.376554732586873,14.145669587437881,156.47777567997534
30.012813660304367,17.371443980576696,132.6157423591189
44.419029849794754,18.93387011914314,116.64710003106211
20.636258927717545,31.5731194877228,127.79062158455964
35.04247511720793,33.48490328166345,111.47262160112862
14.40621618949037,59.08557821588899,106.50820559462065
159.81674025622692,5.673817449329438,14.509442294443582
23.56035858376379,12.215719134130849,144.22392228210535
15.187747017349242,46.65634345647491,118.15590952617583
15.26598629933243,83.63398383598617,81.1000298646814
136.2563816724631,20.878526838630147,22.86509148890674
144.6289932388777,24.104301231768936,11.266705529353391
144.55075395689457,25.66672737033536,9.782518672770065
8.372611566414543,165.18580367879144,6.4415847547940634
8.294372284431386,167.09758747273207,4.608040242836588
0.07823928198090704,179.5653849543469,0.3563757636717027
6.541901684801378,6.369084544186576,167.0890137710121
40.98252600714544,9.594858937325426,129.42261505552918
77.96016638665672,11.15728507589185,90.88254853745146
34.44062432234406,20.961881396686074,124.5974942809699
71.41826470185534,22.87366519062672,85.70807010751797
36.97764037951128,62.27870551947876,80.74365410100998
3.225774393138798,171.9491048323021,4.825120774559159
4.788200531705045,170.03732103836137,5.174478429933372
1.5624261385660978,168.29867942499217,10.138894436441397
1.9117837939406352,173.12380019955143,4.96441600650788
