10.377979152909415,163.79999147858874,5.822029368501802
31.94997144633316,132.44531282262395,15.604715731042907
18.616579698424157,155.4680975427814,5.915322758794372
105.29086154278366,52.332592494963244,22.376545962253076
30.45675669910636,138.18132063190023,11.361922668993458
27.64011227994041,143.8495629483605,8.510324771699157
82.9189214360616,84.32907987894974,12.751998684988687
64.88664375701511,105.21441604863573,9.89894019434914
63.29048042908329,107.14462650313915,9.56489306777753
64.48848125174476,106.70136333708051,8.810155411174724
21.57199229342377,78.8238118121424,79.60419589443383
8.238600545514759,154.97908555688693,16.782313897598286
94.91288238987428,35.27686166031762,49.81025594980809
20.07877754619696,110.24265882545832,49.67856362834473
17.262133127031035,131.7646791310034,30.9731877419656
72.5409422831522,71.99472728427106,35.46433043257673
54.50866460410571,96.3489188597609,29.14241653613341
52.912501276173884,98.88974711465005,28.197751609176077
54.11050209883537,100.24504254803539,25.644455353129263
13.333391747908978,141.7122370331132,24.954371218977798
73.3408900964505,42.85399104248095,63.80511886106855
1.493214747227074,172.15589749763927,6.350887755133954
4.309859166392752,166.33049785723475,9.35964297637253
50.96894998972841,91.56697095704854,37.46407905322305
32.93667231068194,122.81163213246744,24.251695556850635
31.34050898275011,125.94067988262498,22.718811134624907
32.53850980541162,126.93614987274502,20.525340321843384
86.6742818443595,27.974774106672296,65.35094404896823
11.840177000682182,44.11503848834958,124.04478451096826
9.023532581516253,81.63634898020132,89.34011843828245
64.3023417376374,62.954668312497574,52.74298994986503
46.27006405859093,87.90076383926919,45.829172102139886
44.673900730659106,90.85962562513517,44.466473644205735
45.87190155332059,94.14651178942096,39.981586657258454
74.83410484367731,69.92448535778257,35.241409798540126
77.65074926284325,72.51329010746066,29.835960629696082
22.371940106722107,140.60835170390868,17.019708189369197
40.40421778576853,121.10314562804176,18.49263658618973
42.00038111370036,119.69353078135262,18.30608810494704
40.8023802910389,123.00728145090075,16.19033825806036
2.8166444191660096,161.83006064862522,15.353294932208831
52.462164736955216,79.88466727432998,47.65316798871479
34.42988705790875,111.42349649679814,34.14661644529311
32.833723729976924,114.90181977897089,32.26445649105218
34.031724552638394,117.19146678640465,28.77680866095694
55.278809156121156,69.05399533646244,55.66719550741642
37.2465314770747,98.07573693296992,44.67773158995539
35.650368149142864,101.57957017893514,42.770061671921994
36.84836897180435,105.18862676340736,37.96300426478829
18.03227767904649,115.51067414203693,46.45704817891662
19.628441006978285,115.18288807318798,45.18867091983374
18.43044018431681,125.77585945407878,35.79370036160441
1.5961633279317566,130.20492892157978,48.19890775048841
0.3981625052696836,176.11793178839392,3.483905706335559
1.1980008226611618,165.3896289968132,13.412370180525308
31.3546786559649,84.64584118064418,63.99948016339095
8.331893935807466,160.80111492538865,10.866991138803886
111.46739898362557,41.09889102881943,27.433709987554995
25.618670846688627,116.0646881939601,38.31664095935128
19.950428530228347,137.58670849950514,22.462862970266507
79.47091159963907,77.81675665277287,22.712331747588067
58.58557542995308,102.17094822826269,19.243476341784245
56.65536497544966,104.71177648315185,18.632858541398498
57.09862814150834,106.06707191653717,16.834299941954495
23.02278472015741,126.1075213020703,30.86969397777227
80.1127203276607,58.45870677352385,41.42857289881546
5.736007809276266,156.55118176659622,17.712810424127532
11.404250125736567,150.72578212619183,17.86996774807163
48.11623294367419,107.17168668809146,24.712080368234364
27.23089677398819,138.41634786351034,14.352755362501476
25.30068631948478,141.54539561366792,13.153918066847325
25.74394948554351,142.54086560378786,11.715184910668624
103.13550504781813,33.890096865466745,42.974398086715134
17.286776910881137,50.03036124714404,112.68286184197478
11.618534594420879,87.5516717389958,80.82979366658333
71.13901766383161,68.86999107129203,39.99099126487636
50.253681494145624,93.81608659806365,35.93023190779073
48.323471039642214,96.77494838392963,34.90158057642816
48.76673420570089,100.0618345482154,31.171431246083692
85.84872813693696,47.547939395529475,46.60333246753356
91.51697045339724,50.13674414520758,38.346285401395185
31.996487383986498,118.23180574165562,29.77170687435788
52.88182355367246,98.72659966578867,28.39157678053888
54.81203400817588,97.3169848190995,27.87098117272463
54.36877084211724,100.63073548864766,25.000493669235127
5.668242316460283,150.46813797963185,23.8636197039079
53.85224075295046,91.24658994332344,34.90116930372611
32.966904583264466,122.78541916579161,24.247676250943957
31.036694128761045,126.26374244796436,22.699563423274608
31.47995729481973,128.55338945539808,19.96665324978219
59.52048306941074,77.56432010816154,42.91519682242774
38.63514689972474,106.58606170466902,34.778791395606234
36.70493644522133,110.08989495063426,33.205168604144426
37.14819961128001,113.69895153510647,29.152848853613513
20.88533616968597,102.75867545704826,56.355988373265774
22.815546624189388,102.43088938819929,54.75356398761133
22.37228345813073,113.02386076909009,44.60385577277916
1.930210454503532,120.30598872723063,57.76380081826598
1.486947288444943,166.21899159404566,12.29406111750955
0.4432631660592597,174.95452206458987,4.602214769351325
76.1552737447445,62.108041138679376,41.73668511657614
43.54695015182476,122.45818693691479,13.994862911260448
31.418847013315915,92.55170160320526,56.029451383478836
52.94086731886099,86.72630196280089,40.33283071833813
6.829084527871225,171.17116685148258,1.9997486206464123
17.525107047618494,157.5841719730988,4.8907209792827055
20.06593530250768,154.45512422294118,5.478940474551128
21.421230735893097,153.459654232821,5.119115031285906
119.70222389656925,44.757088004270614,15.540688099160139
44.7364267314286,60.89735238594791,74.3662208826235
23.2144064258835,98.41866287779968,58.366930696316835
82.98435827261582,79.73698221009589,17.278659517288297
58.63016669712599,104.68307773686752,16.686755566006475
56.089338442236865,107.64193952273348,16.268722035029658
54.73404300885153,110.92882568701927,14.337131304129205
74.96579716514066,20.114229407974435,84.9199734268849
96.48781747068575,22.703034157652564,60.80914837166168
36.71786562395345,90.79809575410061,52.48403862194595
61.07205719944326,71.29288967823364,47.63505312232312
63.6128854543324,69.88327483154448,46.503839714123124
64.96818088771775,73.19702550109264,41.83479361118961
21.52202030554509,112.15149702028056,46.326482674174365
38.247931541187214,129.56323090267475,12.188837556138061
13.893739965697463,161.10206012514288,5.004199909159763
11.352911710808312,164.58038340731557,4.066704881876098
9.997616277423031,166.87003041474927,3.1323533078276986
59.76995184673228,100.02718307842804,20.20286507483965
35.41576027124251,129.04892467493548,15.535315053822
32.87493201635338,132.5527579209007,14.572310062745935
31.51963658296803,136.16181450537294,12.318548911659072
24.354191575489807,80.04634370946016,75.59946471505003
26.895019830378953,79.7185576406112,73.38642252900985
28.250315263764314,90.31152902150204,61.43815571473367
2.540828254889057,101.06251238544628,76.39665935966457
3.896123688274605,146.97551525226172,29.128361059463785
1.355295433385679,166.41261939401016,12.232085172604458
175.4337719244059,3.020402887694405,1.545825187899746
30.443660464525916,19.16066726937174,130.3956722661023
24.61826082412151,56.68197776122352,98.69976141465496
126.7207920098383,38.00029709351973,15.278910896641973
95.4761308344194,62.94639262029138,21.577476545289226
92.34708308426184,65.90525440615735,21.747662509580834
91.35161309414175,69.19214057044316,19.45624633541509
144.99011145987993,6.119366496714007,28.890522043406023
150.81551110028434,8.708171246392139,20.476317653323534
48.712979914567605,76.80323284284016,54.48378724259224
79.95764108998645,57.29802676697318,42.74433214304036
83.086688840144,55.88841192028402,41.02489923957196
84.08215883026409,59.202162589832206,36.715678579903724
5.825399640404441,168.18094840375937,5.993651955836152
96.27713154531236,73.53377951919589,10.189088935491757
65.03247036989352,105.07260874166401,9.894920888442456
61.90342261973594,108.5509320238368,9.545645356427297
60.907952629615835,110.84057903127058,8.251468339113613
102.10253118571671,59.6943523600899,18.203116454193378
70.85787001029789,88.71609395659738,20.426036033104737
67.72882226014032,92.2199272025626,20.051250537297094
66.73335227002023,95.82898378703486,17.43766394294494
31.244661175418862,78.04659508881386,70.70874373576727
34.37370892557641,77.71880901996491,67.90748205445867
35.36917891569648,88.31178040085575,56.31904068344777
3.129047750157545,105.95323336472913,70.91771888511332
4.124517740277714,151.86623623154463,24.009246028177756
0.9954699901200773,171.89155986856179,7.112970141318182
16.140264381677266,4.573541308814372,159.28619430950837
53.661574873529034,7.162346058492452,119.17607906797853
34.9798942058253,75.2574076549405,69.76269813923423
59.925989732596896,55.7522015790735,64.32180868832961
62.884851518462874,54.34258673238435,62.77256174915277
66.17173768274867,57.65633740193253,56.17192491531881
37.52131049185175,37.78527613765703,104.69341337049124
18.839629824147963,156.07054821470183,5.089821961150284
43.78572535091963,124.53171899223364,11.68255565684683
46.74458713678558,121.05339571006088,12.202017153153564
50.03147330107138,118.76374870262713,11.204777996301504
18.681680667703596,158.39411377474505,2.9242055575513515
6.264414859068054,172.58414462874745,1.1514405121844589
9.223276644933962,169.0803113827823,1.6964119722840798
12.510162809219631,165.4712547983102,2.018582392470016
24.94609552677161,62.76768419217186,92.28622028105653
27.90495731263759,62.43989812332292,89.6551445640395
31.191843476923385,73.03286950421376,75.77528701886285
2.9588617858659854,84.3757568194399,92.66538139469414
6.24574795015176,130.2887596862553,43.46549236359291
3.286886164285753,150.14389735898064,26.56921647673356
2.5888047496779243,162.92852955283462,14.482665697487242
70.68386634612614,44.64325747578985,64.67287617808398
51.17866027025918,76.18208669825799,52.63925303148284
49.76904542357002,79.66040998043074,50.57054459599924
53.08279609311818,81.95005698786451,44.967146919017296
68.09506159644803,39.218034706766346,72.68690369678562
48.58985552058106,68.23977630327383,63.17036817614512
47.1802406738919,71.74360954923904,61.07614977686905
50.49399134344007,75.35266613371128,54.15334252284864
19.505206075866983,132.5303823314061,27.964411592726925
20.91482092255612,132.20259626255714,26.88258281488675
17.60107025300798,142.79556764344798,19.603362103544047
1.409614846689162,148.69756550776953,29.89281964554135
1.9041358228591596,165.3894316254151,12.706432551725866
3.313750669548249,147.0835408918666,29.602708438585246
118.2852720770447,53.70070040425368,8.014027518701633
86.7464428545766,82.72244200076112,10.531115144662266
83.26811957240388,86.22627524672633,10.505605180869832
80.97847256497009,89.83533183119859,9.186195603831273
31.538829222468138,67.85750615332212,80.60366462420976
35.0171525046409,67.52972008447317,77.45312741088595
37.30679951207464,78.122691465364,64.57050902256135
3.478323282172829,96.05831247628662,80.46336424154065
5.767970289606536,141.97131534310208,32.26071436729143
2.2896470074339095,162.3459145121342,15.364438480432023
29.021741596507475,59.84347863462051,91.13477976887204
32.5255748424727,59.51569256577156,87.95873259175576
36.134631426944935,70.10866394666239,73.75670462639268
3.503833245965274,85.52719733162438,90.96896942241041
7.112889830437475,131.44020019843978,41.44690997112276
3.6090565844723153,151.84030933126434,24.55063408426343
0.3277860688482543,176.66197710049647,3.010236830654697
10.265185312041902,137.42502003268817,32.30979465526995
10.59297138089084,120.20095807697989,49.206070542129304
45.913002866815425,117.19072124632523,16.896275886859325
