12.570211372555088,155.15709491902248,12.272693708422514
87.16962406399321,42.6541896221613,50.1761863138455
19.598927479860535,149.62295944322466,10.778113076914774
114.95771517252025,34.64010755179886,30.4021772756809
89.57559458063852,49.185842896376826,41.238562522984665
24.535946189415736,142.54942176826324,12.914632042321006
104.26755510787342,42.90568692110152,32.82675797102505
109.24969315288917,42.23615811437886,28.514148732731968
39.400264265367404,123.57140125161746,17.02833448301515
85.82943253103488,71.7844636267146,22.386103842250513
58.6357811226051,102.64173204386906,18.722486833525856
65.21920332784212,98.89824214369196,15.882554528465908
62.56678117928151,102.75609539871473,14.677123422003776
71.50099182110374,92.94523332707166,15.553774851824612
68.72598923686577,96.48210121388244,14.791909549251788
65.7753855143974,99.90564961464932,14.318964870953286
62.038023269424585,104.95886049990163,13.003116230673806
67.40924875855606,100.05080443979205,12.539946801651912
74.59941269143819,26.022049032428754,79.37853827613306
7.028716107305527,154.9289656931861,18.04231819950844
102.38750379996522,26.323540891298727,51.288955308736064
77.0053832080835,33.06614265645524,69.92847413546127
11.965734816860701,140.53405066574817,27.500214517391164
91.69734373531837,31.93859665969746,56.364059604984185
96.67948178033414,33.16209028482727,50.158427934838606
26.830052892812358,113.6514650388378,39.51848206834984
73.25922115847987,62.22279949707815,44.51797934444199
46.06556975005006,93.46866798093612,40.465762269013815
52.6489919552871,94.2596670105319,33.09134103418102
49.99656980672648,99.58648647800571,30.416943715267827
58.93078044854872,89.02289557094163,32.046323980509655
56.15577786431071,93.38145986028545,30.46276227540386
53.205174141842356,97.31028804841175,29.484537809745902
49.46781189686956,104.00412957453291,26.52805852859755
54.83903738600103,99.7209105471325,25.44005206686649
67.57069658413268,93.42294854736448,19.006354868502815
27.78809110852702,102.01480261086569,50.1971062806073
2.4059705166452066,169.68686678039626,7.907162702958464
62.633677874577494,98.66946113097985,18.696860994442666
17.09793104388017,130.74641921736008,32.155649738759735
22.080069088895925,128.60311638492496,29.31681452617913
47.76935979862583,116.05607379514589,16.174566406228276
1.3401915329581882,177.92651006429548,0.7332984027462559
28.53384294138811,140.9254235521407,10.540733506471176
21.950420736151084,151.31276147210178,6.736817791747132
24.60284288471182,148.52415076308833,6.8730063521998686
15.668632242889483,159.5937246499172,4.737643107193289
18.44363482712758,156.33590296032455,5.220462212547952
21.394238549595915,152.79360307307928,5.812158377324841
25.131600794568588,148.7493897077838,6.119009497647623
19.760375305437076,155.63665717636553,4.602967518197351
95.35878769265972,21.708017217118268,62.933195090222
69.97666710077802,25.02190531669045,85.00142758253155
4.937018709555146,91.58838407629999,83.47459721414481
84.66862762801289,25.792705989952974,69.53866638203415
89.65076567302864,27.58108859899204,62.76814572797933
19.80133678550685,88.38539166979302,71.81327154470011
66.23050505117438,53.341086520801454,60.428408428024184
39.03685364274455,79.84542608606942,61.11772027118601
45.62027584798161,86.0275227422922,48.35220140972619
42.96785369942098,92.45720976194825,44.57493653863077
51.90206434124321,82.11114885988832,45.98678679886846
49.12706175700521,86.93819922641372,43.934739016581084
46.17645803453685,91.07474374143747,42.74879822402569
42.439095789564085,99.11049352919801,38.45041068123792
47.81032127869555,95.80423118134802,36.38544753995645
25.382120591881726,80.09651757353664,74.52136183458165
90.42176898310453,67.2073812553592,22.370849761536302
10.690160064646804,115.44422143767403,53.86561849767912
5.70802201963106,153.25395187651543,21.038026103853483
75.55745090715287,81.46302549000661,22.97952360284056
29.128282641485345,131.00360734004667,19.868110018468
56.32193404991515,102.53595338414313,21.14211256594171
49.738511844678094,113.71060220064673,16.550885954675188
52.390933993238754,111.90119062538061,15.707875381380674
43.45672335141648,121.67085541851114,14.872421230072407
46.231725935654545,119.17216908052004,14.596104983825446
49.18232965812289,116.15543785361467,14.662232488262438
52.91969190309562,113.164068689696,13.916239407208424
47.548466413964185,120.07544021712262,12.376093368913194
65.03964839122278,90.0,24.96035160877721
14.69196052723487,101.82148834060723,63.486551132157885
19.67409857225062,110.55604521958348,49.769856208165876
50.175330315271125,107.14366426538312,22.681005419345738
3.7461620496036363,173.06986650333704,3.183971447059474
30.93981345803344,133.0347394280795,16.02544711388709
24.35639125279635,145.18132000651448,10.462288740689182
27.00881340135706,142.53944513950927,10.45174145913366
18.074602759534784,154.2207518875753,7.704645352889875
20.849605343772865,150.9019790518095,8.248415604417572
23.800209066241194,147.22182981484775,8.977961118911074
27.537571311213895,143.25799450673492,9.204434182051216
22.166345822082405,150.72153937788872,7.112114800028971
79.73160891845765,26.33153131166133,73.93685976988102
84.71374696347344,28.419866018037165,66.86638701848942
14.86431807595166,92.29579417408111,72.83988774996723
61.293486341619165,55.15948155045523,63.547032107925595
34.09983493318936,83.19086003017969,62.70930503663095
40.68325713842641,90.41192430632232,48.90481855525128
38.03083498986578,97.47930901060539,44.48985599952885
46.965045631688014,86.23815600307013,46.79679836524186
44.19004304744999,91.47425780452909,44.335699148020915
41.239439324981646,95.9661893325335,42.79437134248486
37.50207708000887,104.69764471038302,37.800278209608116
42.87330256914033,101.05506969452614,36.07162773633354
4.9821380450158,140.22963831920939,34.78822363577488
64.86729084250601,88.94473725881508,26.187971898678924
18.4381225768385,144.60611097959853,16.955766443562965
45.63177398526829,111.81531044464666,22.55291557008505
39.048351780031254,124.23821501849065,16.71343320147812
41.70077392859192,122.28980172572095,16.009424345687126
32.76656328676965,132.9432349316567,14.290201781573652
35.5415658710077,130.1868691702687,14.271564958723634
38.49216959347604,126.90477777065932,14.603052635864634
42.22953183844879,123.68466256594172,14.08580559560947
36.85830634931731,131.09622628212,12.045467368562738
69.84942888752175,80.89736850709741,29.25320260538083
23.42026062185424,131.61326482237286,24.966474555772855
50.613912030284084,102.49952624547659,26.88656172423934
44.030489825047006,115.32590142774937,20.643608747203633
46.68291197360769,113.75654662300036,19.56054140339198
37.748701331785426,123.98078881101543,18.270509857199137
40.52370391602347,121.50966982727198,17.966626256704572
43.474307638491815,118.40956192221965,18.116130439288547
47.21166988346455,115.5836018467496,17.204728269785875
41.84044439433309,123.07983664994227,15.079718955724665
46.4291682656675,58.07052421230711,75.50030752202538
19.235516857237688,91.42950518148285,69.33497796127948
25.818939062474733,104.42875783555832,49.75230310196696
23.166516913914116,114.61424346832676,42.21923961775915
32.10072755573636,98.89724528444577,49.00202715981787
29.325724971498342,106.03600127514859,44.63827375335308
26.375121249029984,112.23224512254725,41.392633628422765
22.637759004057187,124.07174498528772,33.290496010655104
28.00898449318866,118.54906661313935,33.44194889367199
27.193651408429815,98.5850608505269,54.221287741043284
20.610229203192738,124.85092513747531,34.538845659331955
23.262651351753416,124.43351103846523,32.30383760978136
14.32844070993116,140.40644441858643,25.265114871482403
17.103443294169193,136.95625144135752,25.94030526447331
20.05404701663755,132.4059703036937,27.539982679668775
23.791409261610287,129.63480500481967,26.573785733570062
18.420183772478822,141.60856727571536,19.9712489518058
6.583422205237042,142.85673864027476,30.55983915448819
3.9310000566764223,161.75285208708434,14.31614785623922
12.865210698498645,125.47853539711669,41.65625390438466
10.090208114260648,139.26397662449202,30.64581526124737
7.139604391792286,151.5142182164936,21.346177391714104
3.4022421468194253,168.44470222132452,8.153055631855995
8.773467635950981,154.37473221191135,16.85180015213769
2.652422148560531,142.85202987104117,34.4955479803982
6.281788493261575,102.71668206451399,71.00152944222441
3.5067859090236033,139.05627019027602,37.43694390070038
0.556182186554585,174.0785575701246,5.3652602433200824
3.1811800584174112,160.610842875478,16.207977066104498
2.19004543071391,169.3505697512835,8.459384818002597
8.93421064182225,73.61084187479815,97.45494748337961
6.159208057584303,92.7360678955852,81.10472404683058
3.20860433511585,119.75947553066364,57.031920134220506
0.5287579098573975,174.90255744624048,4.568684643902826
4.842467579274553,150.23870119837443,24.918831222351034
2.775002584237741,130.82557910232228,46.39941831343968
5.7256063067063385,121.00060188424068,53.27379180905295
9.462968551679154,125.8934916740576,44.64353977426327
4.091743062547768,157.9538765425416,17.95438039491074
2.950603722468325,112.75875777676917,64.29063850076247
6.687965967441184,126.70153349805986,46.610500534499025
1.3167404783097674,170.7810225219108,7.902236999779595
3.7373622449727386,137.1342503429511,39.128387412076144
1.6338632441584886,166.7733143523201,11.592822403521222
5.37122548913141,117.54302667632838,57.085747834540136
112.50290529686117,38.29474274085128,29.202351962287548
5.5341354757977514,167.20165940160848,7.264205122593632
120.51698736722362,38.596234599721214,20.886778033055194
105.97125202264566,45.33883636487772,28.68991161247661
12.607673150759213,152.80674437417068,14.585582475070147
112.25140799792095,44.21129036811994,23.537301633959125
112.92093680464363,45.43478399324978,21.64427920210661
31.585693667404993,125.92415874726031,22.49014758533469
83.3726312923079,74.49549320550064,22.13187550219147
52.51536287515342,105.74136168935863,21.743275435488
56.25885277533052,106.5323607189544,17.208786505715107
52.40099952030773,111.85918018642822,15.739820293264064
62.21186159195084,101.29558927936411,16.49254912868503
58.67499370513999,105.65415356870797,15.670852726152054
55.25144530437315,109.58298175683426,15.165572938792613
50.198234419120894,116.27682328295538,13.524942297923745
55.106290479230466,111.99360425555498,12.900105265214597
106.96876982106335,43.24676223351898,29.784467945417674
8.014082070362385,152.19098892471123,19.794929004926388
6.531653274215546,140.13694690575826,33.3313998200262
99.89523214610199,48.49327481713435,31.61149303676367
0.25149729894122286,179.0773944687957,0.6711082322638638
0.41803150778220255,178.7793026987715,0.8026657934463861
80.91721162945618,65.8798874813004,33.20290088924343
29.130274004553318,127.75032375044954,23.11940224499718
59.987542421707786,90.7492372382952,29.26322033999703
56.24405252153068,101.13657515825626,22.619372320213053
60.101905776553494,98.34796444924291,21.550129774203597
50.29104370491038,109.4175383360717,20.291417959017913
53.827911591721204,106.15971664647914,20.012371761799677
57.251459992488066,102.61741675923386,20.13112324827808
62.30467087774031,98.57320339393824,19.12212572832145
57.39661481763074,105.46047086251997,17.142914319849293
114.98285189142577,32.4861302940331,32.53101781454111
100.43711654684783,35.800018393605285,43.7628650595469
7.073537674961371,102.36649715321488,70.55996517182376
106.71727252212312,36.57081906686778,36.71190841100909
107.3868013288458,38.35920167590687,34.25399699524734
26.051558191607185,99.16350474670787,54.784937061684964
77.83849581651006,64.11919959771627,38.04230458577367
46.981227399355575,90.62353916298427,42.39523343766016
50.72471729953269,96.80563581920704,32.46964688126027
46.8668640445099,103.23532283886308,29.897813116627002
56.677726116153,92.88926193680315,30.43301194704386
53.14085822934217,97.71631230332856,29.14282946732929
49.71730982857531,101.85285681835231,28.429833353072386
44.664098943323054,109.88860660611283,25.447294450564137
49.572155003432634,106.58234425826282,23.845500738304555
14.545735344577952,49.694340297855746,115.75992435756633
107.90931421646441,36.80520397967832,35.28548180385727
8.265579369302623,85.04204416199318,86.69237646870417
7.596050562579938,122.8517746008345,49.552174836585536
88.93129369981861,51.06084821432573,40.00785808585566
37.14435607491571,100.60143006436576,42.25421386071852
68.00162449207018,72.13377610846226,39.864599399467565
64.25813459189308,83.30842492496583,32.43344048314109
68.11598784691587,81.49901334969974,30.384998803384395
58.30512577527276,91.26867814283021,30.426196081897025
61.84199366208359,88.76999180483918,29.388014533077243
65.26554206285046,85.75326057793382,28.981197359215724
70.31875294810271,82.76189141401508,26.919355637882198
65.41069688799317,89.67326294144172,24.91604017056514
93.36357887188646,48.76143747701534,37.87498365109821
6.280155975275295,143.06005086359195,30.659793161132775
6.949684781997915,151.7946077425682,21.25570747543383
74.38555835524065,65.90510174239846,39.70933990236089
22.598620730337757,131.83130398035215,25.570075289310072
53.45588914749226,91.79617690509482,34.74793394741293
49.71239924731513,103.94275748352979,26.344843269155074
53.57025250233794,101.30088261652465,25.12886488113741
43.759390430694836,112.98218936459065,23.258420204714536
47.29625831750569,109.66341652882494,23.040325153669393
50.71980671827252,105.98326729186316,23.296925989864324
55.773017603524785,102.01943198375025,22.207550412724977
50.86496154341522,109.48297685490402,19.652061601680778
99.64373484716172,39.246163353982325,41.110101798855965
100.31326365388442,41.33449806035816,38.35223828575742
18.978020516645774,105.21042621640211,55.811553266952096
70.76495814154869,68.07411359277624,41.160928265675075
39.907689724394196,96.10549207250068,43.98681820310511
43.65117962457132,103.32655634864331,33.022264026785365
39.793326369548524,110.3939410529264,29.812732577525086
49.604188441191624,99.15278804539112,31.24302351341724
46.06732055438077,104.38888984685012,29.543789598769102
42.643772153613945,108.8808213748545,28.475406471531567
37.59056126836168,117.61227675270399,24.797161978934337
42.49861732847125,113.96970173684714,23.53168093468162
0.6695288067220501,173.05639629023457,6.274074903042701
80.66571433051594,56.117979287790014,43.21630638169406
28.878776705613046,111.77935300857344,39.341870285813506
59.736045122767514,78.98855247362157,41.275402403610904
55.99255522259042,91.41145704746555,32.59598772994403
59.85040847761322,89.4630437546959,30.686547767690875
50.03954640597012,100.11647696063162,29.84397663339826
53.57641429278094,97.36011119924366,29.063474507975418
56.9999626935478,94.07801979963428,28.922017506817923
62.05317357880007,90.85790459491662,27.088921826283315
57.14511751869049,98.2694683110949,24.585414170214634
81.3352431372386,52.38321977436542,46.28153708839596
29.54830551233574,103.09911608964087,47.3525783980234
60.405573929490224,73.9853775127446,45.609048557765185
56.66208402931311,86.81175269501738,36.52616327566953
60.51993728433591,85.24239789026838,34.2376648253957
50.709075212692795,95.46664007828345,33.82428470902374
54.24594309950362,92.99552109454002,32.75853580595637
57.6694915002705,89.89541318948767,32.43509531024183
62.72270238552276,87.06945311401759,30.207844500459657
57.81464632541318,94.56568791721024,27.61966575737658
51.78693762490288,75.09885869532225,53.11420367977487
20.929669207748397,108.45783966449797,50.61249112775363
24.673159107925517,121.45709231857344,33.86974857350104
20.815305852902732,131.64257795134188,27.542116195755373
30.62616792454583,115.92557976746089,33.448252307993286
27.08930003773498,123.06433575816372,29.846364204101256
23.665751636968157,129.26057960556238,27.073668757469456
18.6125407517159,141.10007946830282,20.287379779981297
23.520596811825474,135.57740109615446,20.90200209202009
30.85726841715448,76.19895700827641,72.94377457456912
27.113778516977373,102.46482129522478,50.421400187797865
30.971631772000165,102.04740719621475,46.98096103178511
21.160769700357033,118.02034057633591,40.81888972330703
24.697637587167897,114.57014759910706,40.73221481372506
28.121185987934748,110.01986646144321,41.85894755062205
33.17439687318701,107.24870116256912,39.57690196424387
28.266340813077438,119.22246343346485,32.51119575345772
3.7434899001771784,161.5792254738006,14.677284626022349
0.11436335484573283,179.52466107938668,0.3609755657678703
9.696498716797432,144.2010222306425,26.102479052560078
6.159630829986582,157.98646345801794,15.85390571199552
2.7360824292198345,170.2367050500195,7.027212520760774
2.317128456032619,172.8328109451498,4.850060598817793
2.5909276040772484,173.09721904543713,4.311853350485818
3.8578532550226927,126.96947534257541,49.172671402401804
5.953008816620318,118.5992365929799,55.4477545903998
2.4161409298094,154.93882471874218,22.645034351448352
1.0074074709572498,170.03888790140846,8.95370462763416
6.060618356209619,144.72828834701204,29.21109329677836
1.1525622961000719,174.76687572025062,4.0805619836493525
9.810862071643104,88.28796529680186,81.90117263155504
6.27399418483231,107.41319131758901,66.31281449757871
2.8504457840654718,134.43659895266745,42.71295526326715
2.202765101186852,160.22543402423554,17.571800874577644
2.705290958922744,164.91582462037812,12.378884420699174
3.5368678868107906,115.27180425049794,61.19132786269125
6.960416287577638,105.44682703241617,67.59275668000616
12.013627172829954,110.33971682223297,57.646656004937086
7.105571112720396,142.40010169071692,30.494327196562722
3.423548400766861,97.96684822751732,78.60960337171582
8.476759286019117,111.90962394880795,59.61361676517295
3.5687032259096,155.98911297265852,20.442183801431938
5.053210885252314,122.81528547199765,52.1315036427501
0.14515482514231384,178.90772077672645,0.947124398131074
4.908056060109629,130.54614290700223,44.54580103288823
128.9069166607573,14.044410271231463,37.048673068011254
0.30149185886820395,178.60665911300245,1.0918490281281297
7.044093624026447,110.93459494347077,62.02131143250277
114.5120016333194,19.290922854846784,46.1970755118338
5.916547627268622,149.87504250650693,24.208409866224386
7.140041252398468,152.0183453389421,20.841613408659402
87.62941600640903,36.67753551901284,55.69304847457812
36.20075046464938,98.547971788162,45.25127774718864
67.44661894850735,61.54688527600764,51.006495775485
68.23761797810313,71.93422319596871,39.82815882592817
73.56443744557697,69.14561248695537,37.28995006746766
63.00084653851285,80.21518637378418,36.78396708770296
67.35941082785668,76.95736468419159,35.68322448795172
71.288239015983,73.41506479694631,35.29669618707069
77.98208054210413,69.3708514316507,32.64706802624518
73.69886151470371,76.25811890023245,30.043019585063853
128.60542480188732,39.75033541662673,11.64423978148592
121.86282303673087,43.06422351619887,15.072953447070281
14.394915027437913,109.63070227580845,55.974382696753665
122.99036903348866,43.83502418946138,13.174606777049986
121.76687540835879,45.62340679850048,12.609717793140755
41.27750065434827,106.42770986930147,32.29478947635029
92.70616619610792,71.38340472030988,15.910429083582223
61.460297712249925,97.88774428557788,20.65195800217218
60.669298682654194,104.06984094180062,15.260860375545176
55.34247921518036,110.49952796145668,14.157992823362962
65.90607012224442,100.15346705939677,13.940462818358798
61.547505832900605,104.98051742592217,13.47197674117724
57.618677644774294,109.11706194094592,13.264260414279786
50.9248361186532,117.15281172870644,11.922352152640414
55.2080551460536,113.84654938085642,10.945395473090002
6.742601765156511,28.8075622648006,144.44983597004293
114.21050977444945,15.918425946623174,49.87106427892741
5.6150557683987445,64.155266128938,110.22967810266329
6.838549393528598,101.96499656777931,71.19645403869215
87.32792414753908,30.17407018127054,62.49800567119037
35.89925860577943,79.71465203131059,64.38608936291
67.1451270896374,51.24699807540707,61.60787483495554
67.93612611923315,62.421646891910655,49.642226988856194
73.26294558670699,60.61223531664455,46.12481909664846
62.6993546796429,70.38190010977503,46.91874521058207
67.05791896898674,67.883213771784,45.05886725922929
70.98674715711304,64.86648254487864,44.14677029800832
77.68058868323418,61.8751133809599,40.444297935805935
73.39736965583377,68.78648490838656,37.81614543577969
107.46790800929293,20.071525864538735,52.460566126168345
1.1275459967576082,171.7499624760685,7.122491527173686
0.0959476283728028,179.51548064495645,0.38857172667224577
80.58532238238256,37.21519012992184,62.199487487695585
29.156656840622926,103.14139236787554,47.70195079150156
60.40252532448089,63.106265292618204,56.49120938290091
61.19352435407665,75.25284587105315,43.553629774870195
66.5203438215505,72.61097100404803,40.86868517440147
55.9567529144864,84.29227775211405,39.75096933339955
60.31531720383023,80.97350491634833,38.71117787982146
64.24414539195654,77.29335567938655,38.46249892865692
70.93798691807766,73.32952037127363,35.73249271064872
66.65476789067726,80.79306524242742,32.55216686689535
108.59545400605069,53.83174582905249,17.572800164896837
107.3719603809209,55.920080535428305,16.70795908365084
26.882585626910355,119.79600869147225,33.32140568161739
78.31125116867,82.65969606784638,19.0290527634836
47.06538268481205,110.69107454757084,22.243542767617143
46.27438365521628,117.91213882371346,15.813477521070281
40.94756418774244,124.97952352799653,14.07291228426104
51.51115509480652,113.73837052046127,14.750474384732225
47.15259080546269,118.97447232192027,13.872936872617013
43.223762617336384,123.46640384992467,13.309833532738935
36.529921091215265,132.19785922777416,11.272219681010608
40.81314011861566,128.5552842119173,10.63157566946704
1.2234936251298423,163.40630207580656,15.370204299063591
81.71286837914035,32.580677653830875,65.70645396702876
30.28420283738071,88.24205137461433,61.47374578800497
61.53007132123867,55.45125083966244,63.01867783909888
62.321070350834425,67.87415541350643,49.80477423565915
67.64788981830827,65.92574212073679,46.426368060954935
57.08429891124418,76.5791753266725,46.33652576208332
61.44286320058801,73.82280956528454,44.73432723412746
65.37169138871432,70.54071816567516,44.08759044561052
72.06553291483546,67.32060296095752,40.613864124207055
67.78231388743504,74.7321666771358,37.485519435429175
80.48937475401051,30.738940572258812,68.77168467373068
29.060709212250877,81.45483688753427,69.48445390021485
60.30657769610886,52.341098310637996,67.35232399325317
61.097576725704606,65.16747349291076,53.73494978138463
66.42439619317845,63.59811868816178,49.97748511865977
55.86080528611437,73.82236087617684,50.3168338377088
60.21936957545818,71.3512418924334,48.42938853210841
64.14819776358449,68.25113398738108,47.600668249034435
70.84203928970562,65.425173911911,43.73278679838338
66.55882026230522,72.92140871510364,40.519771022591144
51.42866554175964,97.58900628065696,30.982328177583398
20.182797057901695,130.94798724983266,28.869215692265644
19.39179802830596,143.9472399039081,16.66096206778596
14.064978560832083,154.13272553667656,11.802295902491355
24.628569467896163,138.41572735279564,16.95570317930821
20.27000517855235,145.55448334349842,14.17551147794924
16.34117699042603,151.75072719089712,11.908095818676818
9.64733546430492,163.5902270536375,6.762437482057599
13.93055449170532,158.06754868148917,8.001896826805535
31.24586848385798,54.067081506084946,94.68705001005709
32.03686751345373,80.33294579303329,67.63018669351298
37.36368698092757,79.91553169402327,62.72078132504917
26.80009607386349,95.88846507414445,57.31143885199207
31.158660363207318,92.43827209691557,56.40306753987712
35.087488551333614,87.88799095925174,57.02452048941465
41.781330077454754,85.11682566037766,53.10184426216761
37.498111050054334,97.09058793127339,45.41130101867227
0.7909990295961766,176.67749909071088,2.5315018796932818
6.1178184970696705,157.78138564390167,16.100795859028715
4.445772409994494,165.94429766613052,9.60992992387501
0.0872081206523926,179.72973889350607,0.18305298584286234
3.8416200674756222,168.02001951449256,8.138360418031757
10.535461593596809,151.08953550966177,18.375002896741467
6.2522425661964345,165.15950551907488,8.58825191472875
5.326819467473884,109.76068883686037,64.9124916956658
5.236771439590132,135.8080230986951,38.95520546171468
0.878207150246531,172.1476112244575,6.974181625296092
3.0506210378798944,152.83010139569345,24.119277566426653
9.744462564001,127.51950184129696,42.73603559470205
5.461243536600582,157.5580892145356,16.980667248863792
10.563590907064043,104.02778559006596,65.40862350286997
6.205026617720174,123.15301161085306,50.641961771426686
2.276198429593896,150.17641924593156,27.547382324474487
4.4176430965271445,144.48561373097144,31.096743172501395
0.13442406912605437,179.34435508636045,0.5212208445140476
4.3585642893438035,98.77925512181277,76.86218058884342
8.287392477470082,88.95427790373108,82.7583296187988
14.981234003591274,93.8471676935479,71.17159830286083
10.698014976190871,125.90755256203187,43.394432461777285
3.9288281881262135,82.29599550136533,93.77517631050837
10.622669714247452,96.23877122265591,73.13855906309666
6.3394506868470355,140.31826024650653,33.34228906664646
6.693841526121101,107.64971253320505,65.65644594067383
2.41062249872067,163.74214783793434,13.847229663344974
4.2832190274004125,144.07108520492594,31.64569576767367
164.56224884176993,2.7016623486154003,12.736088809614632
96.89018467223936,6.015550448187637,77.09426487957302
5.246512583615332,72.5820292077972,102.17145820858744
135.83063223527552,6.786351121450158,37.38301664327437
137.97393506771064,8.574733730489239,33.45133120180017
22.63312524778141,69.37903680129018,87.98783795092841
84.50356151693055,34.334731652298615,61.16170683077083
47.50247500477619,60.839071217566605,71.6584537776572
57.889812924737285,67.02116787378938,55.089019201473356
55.10120221572395,73.45085489344545,51.44794289083063
66.17077610255274,63.1047939913855,50.724429906061765
62.91295441296016,67.93184435791089,49.155201229128956
59.370654525714876,72.06838887293465,48.560956601350476
55.326441160419265,80.10413866069518,44.56942017888558
62.213708629001,76.79787631284516,40.98841505815384
67.67206416953057,29.899411292929344,82.4285245375401
159.31573625815457,17.01027497475181,3.673988767093522
28.731616606494416,65.24711515706674,86.02126823643884
26.58831377405923,103.05684559590807,50.354840630032704
141.92912359398852,31.265919209399232,6.804957196612207
80.0586873248393,80.80650105943934,19.134811615721365
117.05977383699367,52.33884710353581,10.601379059470498
106.67243591703253,63.51349592003945,9.81406816292807
109.46104662604584,61.70408434477337,8.834869029180766
98.39147273921708,71.47374913790382,10.13477812287908
101.6492944288097,68.97506279991275,9.375642771277565
105.19159431605497,65.9583315730074,8.8500741109376
109.2358076813506,62.966962409088666,7.7972299095607775
102.34854021276892,69.87833393651526,7.7731258507158305
91.64367208862392,82.09283729704154,6.263490614334564
38.94044756303614,109.7286510435657,31.330901393398157
41.083750395471306,118.46320792254194,20.453041681986747
74.25705942445788,99.23650156242466,6.506439013117501
12.386623155308621,165.16270380037852,2.450673044312816
49.387709667463135,125.12757672512099,5.4847136074157845
39.000371747501845,137.27415730355614,3.7254709489421334
41.78898245651526,134.63228243655095,3.578735106933862
30.719408569686486,146.31358918461692,2.9670022456965977
33.977230259279224,142.99481634885103,3.0279533918697124
37.5195301465244,139.31466711188935,3.165802741586127
41.56374351182002,135.35083180377646,3.085424684403471
34.676476043238374,142.81437667493017,2.5091472818313627
130.58411965166002,7.634670317218656,41.781210031121326
132.72742248409526,9.723005023594501,37.54957249231027
17.38661266416602,73.59893317963842,89.01445415619554
79.25704893331519,36.462620556012574,64.28033051067224
42.255962421160824,64.49399903573702,73.25003854310215
52.6433003411219,71.71506331187966,55.64163634699843
49.85468963210859,78.78244801616273,51.36286235172869
60.924263518937366,67.54129500862746,51.53444147243516
57.666441829344784,72.77739681008644,49.55616136056877
54.124141942099506,77.26932833809084,48.60652971980966
50.079928576803894,86.00078371594034,43.919287707255776
56.96719604538561,82.35820870008347,40.67459525453092
2.143302832435002,172.3852880579691,5.471409109595646
113.19750698749402,56.78908752005534,10.013405492450637
51.32707071834489,112.45046124083878,16.22246804081637
88.32815723049923,79.6596607058869,12.012182063613881
77.94081931053807,92.08256527973096,9.976615409731016
80.72943001955144,90.13415198696129,9.13641799348728
69.65985613272268,100.78758519289696,9.552558674380354
72.91767782231527,98.031219431509,9.051102746175724
76.45997770956055,94.74912803189963,8.790894258539803
80.5041910748562,91.52901282718194,7.966796097961907
73.61692360627447,98.94057654336022,7.442499850365325
115.3408098199292,51.580553980918275,13.078636199152557
53.47037355078007,102.29645029619373,24.23317615302622
90.47146006293443,73.18271171929744,16.345828217768137
80.0841221429733,86.00908690157026,13.906790955456463
82.87273285198664,84.43973209682126,12.687535051192105
71.80315896515788,94.6639742848363,13.532866750005828
75.06098065475045,92.19285530109285,12.746164044156687
78.60328054199574,89.09274739604054,12.303972061963735
82.64749390729135,86.26678732057044,11.085718772138216
75.76022643870964,93.76302212376308,10.476751437527282
61.87043626914914,41.89595780607883,76.23360592477204
24.869349756994797,75.25493877525456,79.87571146775066
35.256687676955885,88.25419142933002,56.489120893714095
32.468076967942544,98.43967706209848,49.092245969958974
43.537650854771336,82.7226788782175,53.73967026701118
40.27982916517874,89.86143486892031,49.858735965900934
36.73752927793346,96.05767871631899,47.20479200574754
32.693315912637864,107.8971785790594,39.40950550830275
39.5805833812196,102.37450020691104,38.04491641186937
37.00108651215435,99.31835925327356,43.68055423457208
26.613748592193254,125.58422354022198,27.80202786758478
29.40235930120658,125.16680944121194,25.430831257581474
18.33278541437779,141.13974282133307,20.52747176428911
21.590607103970406,137.68954984410422,20.719843051925405
25.132906991215677,133.13926870644036,21.727824302343947
29.177120356511296,130.36810340756628,20.45477623592241
22.289852887929555,142.341865678462,15.368281433608418
10.38733791996108,132.3160051338036,37.29665694623532
7.5987272109477635,151.21211858061335,21.189154208438943
18.66830109777651,114.93780189064549,46.39389701157796
15.410479408183932,128.7232431180209,35.86627747379518
11.868179520938648,140.97348471002246,27.158335769038857
7.823966155642983,157.90396871485325,14.272065129503748
14.711233624224823,143.8339987054401,21.4547676703351
2.7886107090132777,149.5888476627885,27.622541628198157
8.280963177815458,95.97986427276682,75.73917254941772
5.023141488222916,132.319452398529,42.65740611324816
1.4808416009776477,167.34173977837824,11.177418620644126
2.5633717643182194,167.34766066722497,10.088967568457017
4.323895704263821,162.61375195953613,13.062352336200089
11.069573886828776,66.73783552259822,102.19259059057298
7.811752197236225,85.86306154338531,86.32518625937848
4.269452309990947,112.8864691784637,62.84407851154537
0.22523894469580827,178.22443620156002,1.5503248537447343
7.112506413277058,143.36569484617436,29.521798740548565
3.257821689592506,135.56322220951574,41.17895610089169
6.800121576837813,125.73824499143404,47.461633431728096
10.84433494213348,130.63113478125086,38.52453027661565
3.9570674735517457,162.6915196497348,13.351412876713399
3.5422998872451936,117.97921998931706,58.47848012343766
7.586513252540862,131.92199571060763,40.49149103685148
0.6992457839589789,176.0014847344579,3.2992694815829484
4.0442133652956205,142.94640872027574,33.00937791442865
2.8430541032859207,160.96115597499488,16.19578992171902
6.887267468581738,111.42401717868073,61.688715352737546
3.3138880995721944,17.163322483314708,159.52278941711313
69.88036685918176,4.274186165137204,105.84544697568103
4.0846887728346255,52.51102634745214,123.4042848797132
5.873071381873706,90.32075678629337,83.80617183183288
66.67737445267475,18.52983039978463,94.79279514754063
31.633069303683143,68.07041224982464,80.2965184464922
58.13740886895113,39.60275829392114,82.25983283712773
64.31950552517391,50.777407110424726,64.90308736440137
70.74919254482997,48.96799553515862,60.282811920011405
60.40313164277002,58.73766032828909,60.85920802894089
65.23018200929543,56.23897399029806,58.53084400040652
69.36672652431919,53.2222427633927,57.41103071228812
77.40247631207971,50.23087359947397,52.366650088446335
74.09621396422972,57.142245126900626,48.76154090886967
66.56647875960951,4.998572417468491,108.43494882292205
0.7708006732622025,173.1770840768614,6.052115249876082
2.559183282301677,164.4425271978849,12.998289519813468
63.36348635310256,22.142236682851564,94.49427696404588
28.319181204111004,88.06843892080526,63.61237987508375
54.82352076937897,48.03331184554792,77.1431673850731
61.00561742560175,60.17989242398288,58.814490150415374
67.43530444525781,57.53801755697776,55.02667799776443
57.089243543197874,69.21932430504376,53.69143215175838
61.916293909723294,65.90055146927803,52.183154620998685
66.05283842474704,62.220402232316275,51.7267593429367
74.08858821250755,58.25656692420336,47.6548448632891
70.78232586465754,65.72011179535714,43.49756233998533
65.79567808634688,109.80612852580629,4.398193387846888
64.00729547730796,111.89446323218196,4.0982412905100905
3.2029924065066324,175.77039138822644,1.0266162052666616
38.24729755549849,138.63407876460013,3.1186236799013884
11.742957990230877,166.66545724432413,1.5915847654446988
5.560861334007767,173.88652152046708,0.5526171455253471
0.8688256856457471,179.04609377525273,0.08508053909747049
9.477235216412017,169.71275321721453,0.8100115663733526
4.6501848498854645,174.94885501867475,0.4009601314396224
0.5136403348587829,179.44078654668186,0.04557311846077687
7.522109452897492,171.82775807547273,0.6501324716305316
4.2158471050464446,175.4703330913307,0.31381980362224887
1.7883826090392436,150.2316952987564,27.97992209220452
62.592685679840045,19.40607087678089,98.00124344337905
27.5483805308485,75.06744459756433,77.38417487158718
54.05272009611647,42.276644062612476,83.67063584127109
60.234816752339235,54.69954863645644,65.06563461120435
66.66450377199531,52.7511353436868,60.584360884317896
56.31844286993536,63.40456854962252,60.276988580442136
61.14549323646079,60.64820278823455,58.20630397530469
65.28203775148452,57.36611138862517,57.35185085989032
73.31778753924505,54.14599618390752,52.53621627684744
70.01152519139504,61.557559900085806,48.43091490851917
60.804303070800984,18.129222779118056,101.06647415008096
25.759997921809422,68.84511909439355,85.39488298379705
52.26433748707739,39.73138051749727,88.00428199542536
58.44643414330016,52.55775569977005,68.9958101569298
64.87612116295622,50.98840089502106,64.13547794202272
54.530060260896285,61.21264308303612,64.25729665606761
59.35711062742169,58.741524099292675,61.90136527328564
63.49365514244545,55.64141619424035,60.864928663314224
71.52940493020597,52.81545611877027,55.65513895102379
68.22314258235596,60.311690921962914,51.46516649568113
35.044305148991576,129.88379575700725,15.071899094001202
8.53996558372367,163.24277672618285,8.217257690093481
2.3578689275008387,176.2420293802581,1.400101692240482
4.0718180921554055,173.57248498697314,2.3556969208717407
6.2742428099048055,170.71051682914583,3.015240360949578
1.4471924433801424,177.84927281984807,0.7035347367730328
2.689352071644503,175.95448333275266,1.356164595602923
10.725101859404933,164.11498347001225,5.159914670582772
7.4188395115549275,169.63766184216064,2.9434986462844943
26.504339565267962,38.15665242250273,115.33900801222929
32.686436221490744,64.4225167094511,82.89104706905815
39.116123241146816,64.00510261044109,76.8787741484121
28.77006233908687,79.97803599056225,71.25190167035089
33.59711270561229,76.52784301333338,69.87504428105434
37.73365722063603,71.97756187566954,70.28878090369443
45.769407008396556,69.20639657679546,65.02419641480799
42.46314466054656,81.1801588476912,56.35669649176224
6.182096656222791,156.02554108853928,17.792362255237958
12.611783675878803,137.12942764172956,30.258788682391607
2.2657227738189665,173.4037443316973,4.330532894483861
7.09277314034425,159.618303104322,13.288923755333707
11.229317655368027,147.36806151232037,21.402620832311555
19.265067443128558,130.43757750748966,30.297355049381803
15.958805095278542,144.50754751690272,19.533647387818732
6.429687019656053,94.49982846131522,79.07048451902874
3.916373882404029,151.06888347424018,25.014742643355962
0.9106764841210147,172.59152839999783,6.497795115880748
5.047220999145152,137.5692410201482,37.38353798070651
13.082970786905781,112.25864146575177,54.65838774734243
9.776708439055783,142.29722883899043,27.926062721953766
10.346060902059948,118.18577841342885,51.46816068451122
5.519010535534612,137.31100443421596,37.169985030249514
1.3824660205105797,164.33441206929442,14.283121910194794
6.653283767249795,130.32762090760846,43.0190953251418
3.347021419399765,165.186362262995,11.466616317605249
4.827050366525446,84.83879230345403,90.33415733002057
8.96359488154912,75.01381508537231,96.02259003307854
16.999344669309682,79.90670487518913,83.09395045550119
13.693082321459684,111.96708974367309,54.33982793486724
4.1365445150237115,68.82401876018811,107.03943672478815
12.172294302784321,82.7667944814787,85.06091121573702
8.866031954934323,126.84628350532931,44.287684539736425
8.035749787760562,94.3854521189253,77.57879809331419
4.729487439910587,150.4778874236546,24.792625136434893
3.30626234784998,155.99343735756634,20.70030029458367
12.889136318177322,164.52136183458177,2.589501847240927
35.34770386413741,27.300126506025595,117.35216962983701
73.15743430297871,36.03468338500182,70.80788231201949
1.3665079164681504,178.33497390003726,0.2985181834948871
50.90708976650998,112.40877166208158,16.68413857140843
22.439435810606508,152.44389873733888,5.1166654520545904
33.61408462711006,140.29731815890392,6.088597213985997
31.804673051844038,142.93919302590902,5.256133922246902
41.57433784497448,131.257886277843,7.167775877182545
39.07565150698346,134.5766591136087,6.34768937940781
36.05892028007806,138.25680835057054,5.684271369351447
33.06755111615933,142.22064365868346,4.71180522515726
39.97892264358592,134.75709878752974,5.263978568884288
48.2368401823147,3.9606815501250034,127.80247826756029
86.0465706211561,6.04901625650095,87.90441312234302
14.255644234647388,69.92494441254482,95.81941135280778
63.796226084687426,32.78863178891896,83.41514212639362
35.32857212878393,60.8200102686434,83.85141760257268
46.50322094528752,68.04107454478603,65.45570450992648
44.69380937002142,75.10845924906911,60.197731380909495
54.463474163151886,63.867306241533846,61.669219595314274
51.96478782516084,69.10340804299283,58.93180413184635
48.9480565982555,73.59533957099723,57.4566038307473
45.95668743433676,82.32679494884673,51.71651761681654
52.8680589617634,78.68421993298986,48.44772110524674
37.8097304388413,86.36401982153016,55.826249739628544
33.98119594766729,142.81035575649435,3.2084482958384255
15.559385902372675,161.5282705227223,2.9123435749051096
12.90826805353077,165.68092894232595,1.4108030041432533
1.7336192370254166,178.10383351617173,0.16254724679990457
3.5430308122942065,176.15542022339926,0.3015489643052275
6.226633980837523,173.19114657066368,0.5822194484982369
3.7279476428459177,175.9475123320522,0.32454002510168356
0.7112164159403729,179.22960373166154,0.05917985239583749
2.2801527479791757,177.55028106361968,0.16956618840347096
4.631218779447426,175.03815522020207,0.3306260003504084
71.79092638650864,101.93539461095106,6.2736790025403115
22.250344536468756,152.65129092622644,5.098364537304863
50.71799849237223,123.53755234933013,5.744449158297629
39.54334967586865,136.3639275316029,4.092722792528453
41.35276125113481,134.79457272685386,3.8526660220113196
31.583096458004356,145.01881491486893,3.3980886271265187
34.081782795995316,142.54769593112556,3.370521272879064
37.09851402290067,139.44758802607322,3.4538979510260153
40.08988318681941,136.62162795060317,3.2884888625774598
33.178511659392626,144.11786275379592,2.7036255868114885
49.54058185004002,35.09100060946658,95.36841754049341
21.072927894136523,68.4499815786423,90.47709052722121
32.247576710640104,81.44923423271774,66.30318905664215
30.438165135373993,91.63471986548622,57.92711499913979
40.207829928504474,75.91772168160522,63.874448389890304
37.709143590513435,83.05647767230805,59.23437873717851
34.692412363608085,89.25272151970672,56.05486611668518
31.70104319968936,101.09222138244714,47.20673541786351
38.61241472711599,95.5695430102988,45.8180422625852
28.46765395590352,118.45317086899495,33.07917517510157
17.293005139399938,144.7190351559433,17.98795970465679
19.102416714666056,144.30162105693324,16.595962228400712
9.332751921535559,160.2745544370544,10.392693641410068
11.831438259526571,156.82436145982558,11.344200280647826
14.848169486431944,152.27408032216172,12.877750191406315
17.839538650350686,149.50291502328764,12.65754632636166
10.928167122923934,161.47667729418345,7.595155582892571
11.174648816503604,121.71462607433301,47.110725109163404
9.365237241237498,140.6107395211427,30.024023237619815
19.134902034367972,104.33642283117496,56.52867513445709
16.63621569637693,118.12186405855034,45.24192024507275
13.619484469471558,130.3721056505519,36.008409879976504
10.628115305552832,147.3025896553827,22.069295039064492
17.539486832979488,133.2326196459696,29.227893521050888
1.8094115752661393,159.4029158257164,18.787672599017494
7.960253217864317,86.16579610983881,85.87395067229683
5.46156687987331,122.50538423560101,52.033048884525655
2.444835652967977,157.52767161545043,20.027492731581592
0.5465335109511694,177.16172883015304,2.2917376588961638
6.364838016475942,152.7996837966083,20.835478186915797
9.76966479313051,57.90296649341747,112.32736871345206
7.270978455139405,77.02819251420459,95.70082903065598
4.254247228233979,104.05160014928303,71.69415262248287
1.2628780643151691,169.38956717238037,9.347554763304304
8.174249591742036,134.5308258169937,37.29492459126428
2.4986863379908186,145.69800033239497,31.803313329614014
5.515417564896342,135.87302311431318,38.611559320790406
8.506786728815113,140.76591290413,30.727300367054866
1.5954152013886358,172.8262977726144,5.57828702599725
3.016731226905302,127.35486276059461,49.628406012500044
6.0081003908240715,141.29763848188523,32.69426112729072
0.9032711366023933,174.6228724942647,4.473856369132836
2.991369163918708,151.79648283121335,25.212148004867892
3.920002363507833,152.11108186405744,23.968915772434677
6.9113715274267635,103.62678726912004,69.46184120345329
168.17851165939246,1.3711797028844614,10.45030863772338
159.44395478041656,3.4595144092599845,17.096530810323504
17.143664265383094,67.3354425653039,95.52089316931301
83.0698665033368,30.19912994167804,66.73100355498516
43.034739428079476,58.23050842140248,78.73475215051805
55.18132000651444,65.4515726975451,59.36710729594047
52.53944513950931,72.51895740182819,54.94159745866249
64.22075188757532,61.27780439429293,54.50144371813176
60.901979051809576,66.51390619575191,52.58411475243851
57.22182981484782,71.0058377237563,51.772332461395884
53.2579945067349,79.7372931016058,47.004712391659304
60.72153937788868,76.09471808574892,43.183742536362395
8.734556878976237,156.2838105486328,14.98163257239094
151.03484739400963,25.458186126657196,3.5069664793332054
85.108645156056,81.1195598474406,13.77179499650342
125.14377223131325,48.3287593124888,6.527468456197941
112.99719165287829,60.75166388633275,6.25114446078906
115.63906651988344,58.8032505935631,5.557682886553398
103.95775977181746,69.45668379949879,6.58555642868378
107.27653260758309,66.7003180381109,6.023149354306048
110.95668184454492,63.41822663850147,5.625091516953649
114.92051715265788,60.19811143378377,4.881371413558438
107.45697228150406,67.60967514996209,4.933352568533905
142.3002905150334,31.127512298931524,6.572197186035192
76.37408827707976,81.84340861420695,21.782503108713303
116.40921535233707,52.72967003731068,10.861114610352251
104.26263477390212,65.55604521958345,10.181320006514415
106.90450964090724,63.986690414834484,9.10879994425824
95.22320289284126,74.21093260284952,10.565864504309186
98.54197572860691,71.73981361910613,9.718210652286949
102.22212496556872,68.63970571405378,9.138169320377543
106.18596027368164,65.8137456385837,8.000294087734654
98.72241540252786,73.30998044177635,7.967604155695812
65.9262022379537,35.389518792961375,78.68427896908494
25.891075162696335,68.7484997621371,85.36042507516655
38.037655741131324,81.74775241621255,60.21459184265613
35.39578087412619,91.93323804898101,52.67098107689279
47.0770876221922,76.21623986510001,56.70667251270778
43.75831478642648,83.35499585580287,52.88668935777065
40.07816554946471,89.55123970320152,50.370594747333776
36.114330241351794,101.39073956594193,42.494930192706285
43.577875112505566,95.86806119379358,40.55406369370085
40.03512707525733,101.76903229758648,38.19584062715619
27.888546496822375,128.03489658453486,24.076556918642765
30.530421363827486,127.61748248552485,21.852096150647657
18.849114615761497,143.59041586564598,17.56046951859251
22.167887451527175,140.14022288841716,17.691889660055633
25.84803668848899,135.5899417507533,18.56202156075773
29.8118719966019,132.81877645187924,17.36935155151889
22.34832712544811,144.79253872277496,12.859134151776985
12.146580578434925,126.83129152638764,41.0221278951774
9.504705711429798,145.72740497319737,24.76788931537281
21.186012459495828,109.45308828322959,49.36089925727459
17.867239623730104,123.23852951060498,38.89423086566491
14.187090386768332,135.48877110260656,30.3241385106251
10.223255078655429,152.41925510743732,17.35748981390729
17.68679994980921,138.34928509802424,23.963914952166572
2.641874867005022,153.3143186117306,24.04380652126426
9.039431881060915,92.25439332382484,78.70617479511426
5.720659045295181,128.59398144958712,45.68535950511773
2.0405098083333404,163.61626882943654,14.343221362230121
1.9233254997794016,171.0731316161671,7.003542884053302
5.540219371374243,158.88828101059426,15.571499618031515
11.681306748065973,63.15910041566442,105.15959283626955
8.362533912300274,82.28432643645156,89.35313965124814
4.682384675338452,109.30773407152995,66.00988125313154
0.7185493672259733,174.64570109462724,4.635749538147249
8.182094238379372,139.78695973924061,32.03094602238001
3.3187728357658073,138.5302244552125,38.1510027090218
6.998922072727445,128.7052472371307,44.29583069014185
10.96275738084044,133.59813702694748,35.439105592212115
3.4992125096866413,165.65852189543145,10.84226559488193
3.680149236961748,121.0071733811867,55.312677381851536
7.643984545074685,134.94994910247732,37.40606635244798
0.18043967392297955,179.02943812632626,0.7901221997527433
3.9638353081130364,146.11221146186196,29.923953230025123
3.4997095630408652,157.79535323340872,18.704937203550447
7.463544871153825,108.33859249427722,64.19786263456899
2.0883347063757993,145.83350191090992,32.07816338271428
65.9642628624198,15.007877488934083,99.02785964864614
28.827950238793925,70.66925120971752,80.50279855148857
56.85932871851837,37.878450674765645,85.262220606716
64.08039299466101,50.30135524860961,65.61825175672942
71.14777769894408,48.35294195583996,60.49928034521596
59.90662469140881,59.00637516177568,61.08700014681551
65.1427264928678,56.2500094003877,58.6072641067445
69.6346580208722,52.967918000778326,57.397423978349494
78.36611339872168,49.747802796060675,51.886083805217645
74.72353838286482,57.15936651223895,48.11709510489623
63.87592815604393,14.030981488607976,102.0930903553481
26.739615532418075,64.74687780388346,88.51350666369845
54.77099401214253,35.633139226987176,89.5958667608703
61.99205828828515,48.45951440925995,69.5484273024549
69.05944299256824,46.89015960451097,64.05039740292078
57.81828998503298,57.11440179252603,65.067308222441
63.05439178649194,54.64328280878258,62.302325404725465
67.54632331449633,51.54317490373026,60.91050178177339
76.27777869234585,48.71721482826018,55.00500647939398
72.63520367648897,56.21344963145282,51.151346692058205
37.136312623625834,130.91041196227434,11.953275414099792
9.104934143901373,164.26939293145014,6.625672924648513
1.8838698677590118,177.2686455855251,0.8474845467155173
5.18351483652436,172.5458687817059,2.270616381769503
6.057638171010903,171.73713303441312,2.205228794575932
0.8215363695543322,178.87588902511317,0.30257460533264496
3.6703951584523584,174.92786712748534,1.4017377140617027
12.401850536301875,163.0883672647451,4.509782198952988
8.759275520445136,168.61104563689332,2.6296788426613227
28.031378479724445,35.03802874260132,116.93059277767422
35.25244275586709,61.3038930295497,83.44366421458324
42.319827460150165,60.88647893053966,76.79369360931018
31.078674452614894,76.85941231066084,72.06191323672427
36.31477625407388,73.40921933343195,70.27600441249419
40.80670778207827,68.85893819576812,70.3343540221536
49.538163159927755,66.08777289689405,64.3740639431782
45.8955881440709,78.06153516778977,56.04287668813933
7.221064276142594,154.43395632309426,18.344979400763112
14.288448980425688,135.53784287628457,30.173708143289726
3.0472959728904008,171.81215956625238,5.140544460857155
8.283397774349453,158.02671833887695,13.689883886773625
12.775329302353814,145.7764767468754,21.448193950770747
21.506784680203317,128.84599274204464,29.64722257775204
17.864209664346472,142.9159627514577,19.219827584195837
7.06738470428313,93.9472113157901,78.98540397992683
4.173768303252134,151.62150061976533,24.204731076982466
1.0623334982072794,172.0389112544723,6.898755247320814
5.554265026211265,137.0166238746231,37.429111099165716
14.285720404060687,111.70602432022667,54.008255275712656
10.643145388203848,141.74461169346526,27.612242918330903
11.241153007535257,118.10069787432697,50.658149118137764
6.005051206076334,137.22592389511402,36.76902489880971
1.51311967807169,164.2493315301925,14.237548791735607
7.218335699777549,130.41270144671037,42.36896285351202
3.575760683920806,165.27144280209686,11.152796513982441
5.236101801458937,84.0287807370805,90.73511746146055
9.728033329463374,74.20380351899885,96.06816315153777
18.459488707312875,79.0966933088157,82.44381798387143
14.81691369145597,111.15707817729962,54.02600813124437
4.4919315280044225,68.42305862874832,107.08500984324729
13.2233869058539,82.36583435003888,84.41077874410723
9.58081188999705,126.44532337388945,43.97386473611352
8.731455377849468,94.3398790004661,76.92866562168442
5.088880361992616,150.43231430519532,24.47880533281202
3.6425750158568255,155.34330488593645,21.01412009820667
130.82562442197562,46.10914487132248,3.065230706702005
75.16425070119222,96.82504118659791,8.010708112209874
107.95505123614417,67.71130260970155,4.333646154154224
95.53214666230024,80.5376777919743,3.930175545725395
97.48055995506978,78.9683229872254,3.551117057704732
86.82712674913407,89.19256517524046,3.9803080756253846
89.58349251052203,86.72144619149702,3.695061297980891
92.8655839101314,83.62133828644468,3.5130778034240056
96.08569911484898,80.79537821097469,3.1189226741763774
88.67413539867078,88.29161301416725,3.034251587162052
55.661373720783445,31.882552313628196,92.45607396558836
22.870573185831574,65.2415332828039,91.88789353136453
35.293477759675554,78.24078593687936,66.4657363034451
33.3450644669059,88.42627156964784,58.22866396344625
43.99849767284162,72.70927338576685,63.29222894139153
41.24213191145365,79.84802937646968,58.90983871207667
37.96004051184426,86.04427322386834,55.995686264287386
34.73992530712662,97.88377308660877,47.376301606264626
42.151489023304904,92.3610947144604,45.48741626223469
32.79080053495188,115.5408272940899,31.668372170958218
20.36789596110795,141.80669158103822,17.825412457853837
22.316309253877556,141.38927748202826,16.294413264094203
11.66287604794186,157.36221086214942,10.97491308990873
14.419241809329833,153.91201788492052,11.668740305749658
17.701333208939204,149.3617367472567,12.936930043804104
20.921448413656773,146.59057144838266,12.487980137960573
13.509884697478565,158.56433371927832,7.925781583243122
12.422904573843997,120.30382307018968,47.27327235596638
10.474491281074295,139.1999365169994,30.32557220192625
21.127924487010034,102.92561982703164,55.94645568595832
18.371558725622073,116.71106105440701,44.91738021997092
15.089467326012723,128.9613026464086,35.9492300275787
11.869352121295021,145.89178665123939,22.238861227465552
19.280915837473337,131.82181664182627,28.897267520700417
1.9484132927694626,159.56546307251966,18.4861236347107
8.705019913166081,86.00324886303594,85.291731223798
5.948654151778101,122.34283698879813,51.708508859423766
2.6665627521686,157.3651243686476,19.96831287918366
0.553552452548866,177.32427607695698,2.1221714704940773
6.858011263629328,152.63713654980535,20.504852186565312
10.653433205935691,57.60141752911098,111.74514926495331
7.897067444547774,76.72664354989807,95.3762890055542
4.6149760449384365,103.7500511849765,71.63497277008516
1.3948608402208247,169.08801820807392,9.517120951705417
8.806424556398976,134.22927685268718,36.96429859091385
2.756365761388054,145.1157808838961,32.127853354715945
6.0384571609974005,135.2908036658144,38.67073917318826
9.25857236571502,140.18369345563124,30.557734178653753
1.8470086495368225,172.24407832411515,5.908913026348098
3.282091399609293,127.03032273549277,49.68758586489784
6.502206604327056,140.97309845678342,32.52469493888956
0.9093571118514098,174.94741251936603,4.143230368782778
3.2201152047177595,151.73730297881565,25.042581816466722
4.191448511460671,152.17026171645512,23.63828977208426
7.4115637161783,103.45722108071885,69.13121520310287
50.71589631527548,28.817321606926306,100.46678207779823
21.6021577383792,62.17630257610202,96.22153968551879
34.42853292065196,75.17555523017748,70.39591184917057
32.85917811590298,85.36104086294594,61.77978102115108
43.08342030391803,69.64404267906497,67.27253701701702
40.612301320174595,76.78279866976777,62.60490001005763
37.51219341512226,82.97904251716645,59.50876406771128
34.68623333965218,94.81854237990687,50.49522428044095
42.18246814284483,89.29586400775851,48.521667849396664
29.113738576896296,123.55153540629976,27.334726016803945
16.28736339462354,149.81739969324815,13.895236912128341
17.8567181993725,149.39998559423813,12.74329620638936
7.632476011357485,165.37291897435932,6.9946050142833105
10.103594995100876,161.92272599713039,7.973679007768698
13.203702900153207,157.37244485946655,9.423852240380203
16.02966297562331,154.60127956059253,9.369057463784198
8.533428172430659,166.57504183148816,4.891529996081111
12.826375182272773,115.9701769160354,51.20344790169184
11.257020377523814,134.8662903628451,33.8766892596311
21.48126256553885,98.59197367287734,59.92676376158382
19.010143581795397,112.3774149002527,48.612441517951886
15.910035676743052,124.6276564922543,39.46230783100262
13.084075601273009,141.55814049708505,25.357783901641934
20.580310404465642,127.48817048767198,31.931519107862385
1.569354804749058,163.49563861824495,14.93500657700606
8.654887383266026,82.0730733173104,89.27203929942353
6.18376839952263,118.4126614430726,55.40357015740479
3.0836604944702417,153.434948822922,23.48139068260769
0.25770041900074175,178.7455483773183,0.9967512036810098
7.753935222192864,148.70696100407983,23.53910377372732
10.224242188015058,54.05030047140615,115.72545734057879
7.753123204271577,73.17552649219326,99.07135030353514
4.6530152992192155,100.19893412727166,75.14805057350905
1.8270552237490665,165.5369011503689,12.636043625881923
9.323290026941832,130.67815979498232,39.99855017807582
2.471118983743387,149.09608895952158,28.432792056734996
5.571226888795715,139.27111174143988,35.15766136976434
8.397186964265835,144.1640015312567,27.438811504477453
0.90095216107329,176.22438639974064,2.8746614391861627
3.1001079050521394,130.72538403347377,46.17450806147392
5.926067980522386,144.66815975476433,29.405772264713267
1.570166822670081,171.25235122138506,7.177481955944727
2.825960075470093,155.2503807822395,21.923659142290443
4.6702747277225605,148.65718391303122,26.672541359246217
7.496234803192595,100.33829840654255,72.16546679026482
33.35898096917574,23.08475332850153,123.55626570232272
46.358233623251195,49.35061761544993,84.2911487612989
56.54371925601964,48.933203516439896,74.52307722754047
40.82672107213865,64.90613689656107,74.2671420313003
47.96547706284149,61.455943919332185,70.57857901782631
54.161720910240156,56.90566278166834,68.9326163080915
66.00122077298056,54.13449748279426,59.864281744225174
60.47854240083222,66.10825975368999,53.41319784547779
12.999252654075484,147.8082833984458,19.192463947478718
23.184738286843928,128.9121699516361,27.903091761519992
7.467740102962971,165.18648664160375,7.345773255433264
14.606496093665761,151.40104541422855,13.992458492105722
20.80273994106443,139.15080382222692,20.046456236708682
32.642239803804856,122.22031981739613,25.13744037879902
27.119561431656486,136.29028982680921,16.590148741534307
10.185485632768463,93.09972676907441,76.71478759815712
5.53151255111258,152.4689851664809,21.999502282406553
1.6072434395902622,171.1914267077571,7.201329852652697
7.8034872869889575,136.1691393279074,36.027373385103616
19.64298714972939,110.85853977351097,49.49847307675965
14.12030877758102,140.89712714674963,24.982564075669348
15.716998183880998,115.83008149255723,48.452920323561784
8.578242193178134,134.95530751334437,36.466450293477486
2.3819983457794267,161.9787151484228,15.639286505797713
9.45750151696092,132.68331782848006,37.859180654559026
3.9348231448124773,167.5420591838666,8.523117671320875
7.1387559907028235,81.82355194250462,91.03769206679253
13.334999838101476,71.99857472442288,94.66642543747561
25.174499700841896,76.89146451423969,77.9340357849184
19.651821328693547,108.95184938272365,51.39632928858279
6.196243847398634,68.12048402341607,105.68327212918528
18.035743710139094,82.06325974470667,79.90099654515424
12.513065337990737,126.14274876855727,41.344185893452
11.839499862740398,95.74161671452819,72.4188834227314
6.316821490592066,151.83405201925748,21.84912649015046
5.522678372148331,150.8335226869835,23.64379894086813
26.265864286948396,88.63545089923144,65.09868481382019
25.84845018793835,107.53156434604115,46.619985466020495
41.821383568059524,71.2572476560734,66.9213687758671
38.371190590830636,85.04268888344878,56.5861205257206
33.8209094531668,97.29293047545036,48.88616007138284
31.049744154292718,114.22341448028111,34.72684136542618
43.02350642518845,100.15344447086805,36.82304910394351
0.41741409900969273,177.3908755303727,2.1917103706172485
15.555519281111147,68.17783640518208,96.2666443137068
12.105326303882274,104.51742453094427,63.377249165173474
7.55504516621844,139.5397119107937,32.905242922987895
4.783879867344301,164.85031146519006,10.365808667465572
16.75764213824011,134.81172409195148,28.430633769808445
15.972933380121164,41.307004265016765,122.72006235486207
12.52274040289233,60.43223028580389,107.04502931130381
7.972459265228464,87.4556379208823,84.57190281388924
5.201293966354423,152.7936049439795,22.00510108966616
17.17505623725013,117.93486358859298,44.89008017415692
3.450192977229025,156.09069397380492,20.459113048966202
8.000474114892715,146.26571675572313,25.73380912938413
10.771639413766797,151.15860654553993,18.069754040693233
1.2021228571291613,176.78100858597637,2.016868556894646
4.550281137663913,138.6990630412424,36.75065582109376
7.321446436537876,152.64183876253296,20.036714800929108
4.652315834357732,163.27867221361643,12.069011952025802
2.7711652988738686,164.67423302261957,12.554601678506296
9.202596972021707,139.23333167265105,31.564071355327318
11.973762270895742,90.96924094275836,77.05699678634589
18.896113446809718,112.29219071655315,48.81169583663713
17.378203243158048,133.27652121900223,29.345275537839736
3.5927620157826134,169.61610934476445,6.791128639452928
8.657479576218893,155.36160327538616,15.980917148394937
25.58796358104966,130.0510037209897,24.361032697960642
11.517993571636573,160.08959109422835,8.392415334135073
36.274316689967776,87.92698973103724,55.79869357899499
22.488875462592407,107.05221575182433,50.45890878558326
10.238633870590805,134.07562338690278,35.68574274250642
6.691850134239895,160.58640959000005,12.721740275759993
7.3781198751731525,164.55484905461344,8.067031070213462
13.785441227375362,89.16932519793778,77.04523357468686
26.03568281937694,79.3443479798561,74.61996920076696
42.966166824207725,84.23723776967292,52.79659540611938
28.896196814794642,116.29762263815685,34.80618054704853
12.25024159200158,82.11294251552185,85.63681589247655
29.180725596832353,96.05571823681244,54.763556166355215
15.110755587419272,140.13520726066304,24.754037151917693
16.930484004830735,115.78807295123687,47.28144304393239
2.8605139954176386,171.8805082559662,5.258977748616186
14.06997000941309,125.6960823081845,40.23394768240243
114.43128806444462,39.11529389440012,26.453418041155263
78.09169993868244,58.240519915187214,43.667780146130355
43.069412558833015,85.26392755026563,51.666659890901364
17.75881300443656,150.60189457336284,11.639292422200604
47.79740037767522,115.74315321797631,16.459446404348505
36.33958812576219,59.824049660098055,83.83636221413978
71.36187550561161,49.99907244201636,58.63905205237204
96.67247506000805,54.89196223183318,28.435562708158752
66.63388768676941,86.95234710031714,26.413765212913475
35.02228737984942,75.32181387606897,69.65589874408161
60.33288693424588,89.26458959735955,30.402523468394577
30.2942995610072,133.34407862121014,16.36162181778264
25.310599554396482,131.7689900996318,22.92041034597175
4.727987818842098,172.13857459563886,3.1334375855188092
30.03858737323866,101.33504961022386,48.62636301653749
19.12522602078709,33.37063161894277,127.50414236027015
46.14863365586549,23.545654400861086,110.30571194327342
111.4866006789627,28.438544190677916,40.074855130359396
76.62785932357619,60.49892905916186,42.873211617261966
27.023407635078417,31.654033729938575,121.32255863498301
92.36137465817562,45.59680945122918,42.04181589059521
57.5026333027891,89.67629847507979,32.82106822213113
65.3379670230972,80.10233020873042,34.559702768172386
30.479225667710676,136.19476551345974,13.326008818829624
34.858741355386535,112.97434203242449,32.16691661218899
9.824977218081694,159.15817609020874,11.01684669170958
4.932087428264866,173.10095181149939,1.966960760235798
27.12829744021908,142.8195591646501,10.052143395130855
4.892889789816933,169.59195784799618,5.515152362187127
36.95327465830078,113.49952254326688,29.547202798432362
32.06038486848395,72.8994869020651,75.04012822945096
13.942775721290559,158.5751111562866,7.482113122422853
58.02226474514119,102.48267585155729,19.49505940330154
44.0794890238506,70.93252614182929,64.98798483432012
56.09243530472931,78.4146392642521,45.4929254310186
