96.91122711902469,63.30648316485024,19.78228971612509
105.10374315166669,58.05625683216142,16.840000016171896
27.899272140876718,148.69908401599463,3.4016438431286735
54.03232351568614,116.80236084057361,9.165315643740263
86.73347492013576,81.50496131011336,11.761563769750842
28.97002073089656,147.80916738197098,3.2208118871325477
37.79207984792359,137.36475678585276,4.843163366223718
79.28220631600878,90.70105890315035,10.01673478084087
32.57991280459851,144.0928133668569,3.327273828544673
53.61138005952394,119.76733555294989,6.621284387526181
36.340071400505686,140.12597520134113,3.5339533981532627
42.42181897880002,133.8519416578393,3.7262393633607567
45.68090250501904,130.35585379696923,3.963243698011744
66.00009067929327,108.46309016619591,5.5368191545108685
69.49249406015743,105.05260795493396,5.454897984908647
73.2782980704547,101.32291956044432,5.398782369101078
63.697362145222506,112.49949684789681,3.8031410068807094
79.4375599313235,96.41817119758917,4.144268871087232
8.19251603264202,121.86597769360368,49.941506273754314
69.01195497814798,93.47459492614233,17.513450095709686
42.878903603338564,111.03751102542181,26.083585371239653
10.177752198888875,158.12905683478337,11.69319096632774
67.94120638812808,95.98475674835836,16.074036863513566
59.119147271101106,102.11398886742168,18.766863861477233
17.629020803015926,148.48149918891718,13.889480008066922
64.33131431442624,100.79951586973148,14.86916981584231
43.29984705950086,118.80598772205494,17.89416521844421
60.57115571851889,105.2551187030578,14.173725578423346
54.489408140224555,112.84644960246678,12.664142257308692
51.230324614005646,116.38430799266898,12.385367393325412
30.911136439731557,138.92745857505088,10.161404985217546
27.418733058867332,143.74030439737646,8.840962543756248
23.63292904857008,148.83485315665874,7.532217794771219
33.213864973802295,139.7529281943078,7.033206831889987
17.473667187701135,158.48993451878272,4.036398293516189
77.20447101078999,83.38679245110706,19.408736538102946
51.07141963598056,97.7326981926403,31.195882171379132
18.3702682315309,137.6169143169201,24.012817451548987
76.13372242077007,85.91971281207647,17.946564767153493
67.3116633037431,91.27937460874708,21.408962087509817
25.821536835657916,131.88709182737256,22.291371336969544
72.52383034706827,90.62672103884708,16.84944861408467
51.49236309214287,106.61689234281752,21.89074456503961
68.76367175116091,94.94150627375434,16.294821975084734
62.68192417286655,102.3760211807071,14.942054646426376
59.42284064664764,105.76331915268342,14.81384020066894
39.10365247237354,127.1599484313846,13.736399096241836
35.611249091509336,132.01923638533262,12.369514523158093
31.82544508121207,137.15616805535348,11.018386863434502
41.4063810064443,129.2168967573594,9.376722236196368
25.666183220343136,147.8195641113992,6.514252668257687
26.133051374809423,33.52731198235015,120.33963664284043
58.83420277925906,33.61657333870083,87.54922388204014
1.0707485900197635,166.25635081986272,12.672900590117406
9.892807707046869,58.256746757432886,111.85044553552025
51.38293417513207,40.995346259886155,87.62171956498177
4.680640663721672,147.91346181651448,27.405897519763833
25.71210791864712,58.863028672950236,95.42486340840264
8.440799259629053,135.1022435611591,36.4569571792119
14.522546837923404,125.5134614876205,39.96399167445613
17.781630364142295,117.36589006760741,44.852479568250274
38.10081853841648,80.45679192545273,61.4423895361308
41.59322191928063,80.25109434935948,58.1556837313599
45.37902592957789,79.04613904286354,55.574835027558564
35.79809000434569,107.32510172908533,36.87680826656898
51.53828779044683,88.91914324181502,39.54256896773816
32.70115140444965,59.88124516161509,87.41760343393527
25.06230278478951,126.62428464737255,28.313412567837947
16.240243667762574,133.08929107702934,30.670465255208104
25.24988280032266,80.64285955712786,74.10725764254948
21.452410711087694,135.80625159507943,22.741337693832886
0.4209434561630426,178.35371963558094,1.2253369082568046
17.692252115180338,143.71415116754167,18.593596717278
11.610504536886026,157.01733367093658,11.372161792177401
8.351421010667094,163.2025104658886,8.446068523444314
11.96776716360708,153.07306668418914,14.9591661522038
15.460170544471232,147.1090532111447,17.430776244384088
19.24597455476846,140.95619527532995,19.797830169901587
9.66503862953632,163.94818649616985,6.38677487429385
25.40523641563742,139.12897415938284,15.46578942497977
57.76345418923915,91.47038192736852,30.766163883392345
48.941395072212195,93.94742758488327,37.11117734290454
7.451268604127034,138.68858580296134,33.86014559291167
54.15356211553733,97.41173863566775,28.43469924879492
33.12209486061194,109.45333807946213,37.424567059925934
50.393403519629985,102.51452281854307,27.092073661826948
44.311655941335665,111.72063423409067,23.96770982457366
41.05257241511673,115.55529759492678,23.392129989956473
20.7333842408426,141.28719076774914,17.979424991408273
17.240980859978386,148.1680971740543,14.590921965967304
13.455176849681138,155.3466491923121,11.198173958006766
23.036112774913384,145.61969435048192,11.344192874604698
7.295914988812204,168.7603928483371,3.9436921628506743
8.822059117026983,38.362470071715485,132.81547081125754
50.312185585112175,37.282863304504566,92.40495111038328
3.6098920737019444,133.4493240734344,42.940783852863774
24.641359328627214,49.939677252806,105.4189634185668
7.3700506696091255,121.97154505859581,50.65840427179506
13.451798247903435,116.90279398695263,49.64540776514391
16.710881774122456,108.77545786699285,54.51366035888475
37.03006994839658,74.57147820545372,68.39845184614971
40.522473329260755,75.0690436900261,64.40848298071316
44.30827733955801,74.45890761749396,61.23281504294807
34.72734141432581,103.91378212989396,41.35887645578026
50.46753920042695,86.06477780790873,43.46768299166434
41.490126468085215,45.702727854618075,92.80714567729675
5.212167043325126,155.77835453723796,19.00947841943692
15.819300211600256,69.20345055085767,94.97724923754208
1.452008447417947,173.6675745735564,4.880416979025856
4.6297391308765645,163.57101462485974,11.799246244263822
7.888822657095425,152.43223767721244,19.67893966569212
28.208010831369634,97.85113349745444,53.940855671175946
31.70041421223376,96.62934309065129,51.67024269711495
35.48621822253103,94.37932234565577,50.1344594318132
25.90528229729883,126.52349952467996,27.571218178021223
41.64548008339997,103.85049875496036,34.50402116163969
46.70229351141034,99.12257003350939,34.17513645508027
25.670826256484965,107.6290208030159,46.70015294049916
42.942134915503,104.74605735047638,32.311807734020626
36.86038733720867,115.17914230723471,27.960470355556605
33.60130381098975,119.37346107580639,27.025235113203877
13.282115636715604,149.39966971059675,17.31821465268769
9.789712255851382,157.93742922857282,12.27285851557579
6.003908245554197,166.71201088513862,7.284080869307327
15.584844170786411,153.9861482540035,10.429007575210132
0.15535361531310704,179.73303497607012,0.11161140861403372
21.031467254925392,41.27445867086546,117.69407407420914
3.7601585959074,111.85461085128348,64.38523055280919
9.841906174201695,113.58612040584289,56.571973419955455
13.10098970042061,104.22764181680633,62.67136848277307
33.42017787469476,70.66868568557375,75.91113643973151
36.912581255558926,71.99869701384941,71.08872173059167
40.698385265856196,72.03362841579298,67.26798631835084
31.117449340623992,104.18802731780893,44.694523341567084
46.85764712672513,85.99820064743143,47.14415222584345
17.271308659018086,127.89605569925116,34.83263564173077
11.189561080723768,147.32298835991895,21.48745055935732
7.930477554504811,155.8439180861688,16.225604359326432
12.388710619769373,134.51435213372352,33.0969372465071
15.881114000633508,128.89423408657834,35.22465191278813
19.666918010930765,123.08831489193417,37.24476709713505
10.085982085698598,158.4774936277991,11.436524286502335
25.826179871799695,128.98912623659282,25.18469389160747
6.081747578294284,118.29921473665475,55.61903768505093
9.340831104513333,104.96944913116256,65.68971976432418
29.66001927878743,69.09668539982151,81.24329532139107
33.15242265965159,71.1568756941591,75.69070164618932
36.938226669948854,71.70253328757482,71.35924004247634
27.357290744716643,107.10939902484445,45.53331023043891
43.09748853081779,87.80482812046232,49.0976833487199
3.2590835262190927,81.95471739071117,94.78619908306989
23.578271700493115,62.05399748461035,94.36773081489656
27.070675081357273,66.07981597756279,86.84950894107996
30.85647909165453,68.09077679155594,81.05274411678954
21.275543166422317,110.43765308175456,48.28680375182313
37.01574095252347,89.1923988762194,53.791860171257156
20.319188174274146,62.114764633094026,97.56604719263183
23.81159155513831,67.10976463290163,89.07864381196006
27.597395565435583,69.66166870470136,82.74093572986307
18.016459640203383,117.26794400130629,44.71559635849036
33.756657426304514,93.04869362316145,53.19464895053403
3.492403380864025,116.52209874836427,59.985497870771574
7.278207391161386,111.00009067929324,61.72170192954533
2.3027285340709893,172.2023853334968,5.494886132432306
13.437469252030354,137.9560426689944,28.60648807897525
3.785804010297176,109.25366130222196,66.96053468748079
5.795131914934999,159.18338379018465,15.021484294880386
9.945065871166175,144.95219515491286,25.102738973920978
9.580935925232284,145.01702985055476,25.402034224212994
6.159261860868966,155.58224634843802,18.258491790693032
15.740197786101163,79.46278467270565,84.7970175411932
5.25022633268887,141.64826740972876,33.101506257582415
85.39260085114441,73.69230521001724,20.91509393883835
53.49587767572338,91.25522130929673,35.24890101497993
18.198478145263135,138.3467671186583,23.45475473607853
84.5026842171207,76.20246703223327,19.294848750646054
74.05827362100253,82.33169915129659,23.61002722770089
27.394575738300123,128.69920947279212,23.90621478890778
80.78633020200668,81.0172261536064,18.196443644386946
56.46085238809973,99.02369800592989,24.51544960597037
76.81949203649084,85.4728289869327,17.70767897657648
70.54545849298898,93.06415988634167,16.390381620669366
67.04937063211902,96.60201827654387,16.348611091337116
45.15660700134576,119.14516885892584,15.698224139728415
41.746124790083755,123.95801468125141,14.295860528664821
38.01643639559411,129.05256344053367,12.93100016387221
49.19301368304665,119.97063847818278,10.836347838770578
33.1116880327389,138.7076448026576,8.180667164603406
90.6428271838332,66.54679243493516,22.81038038123163
58.746104008412196,80.8926981764684,40.36119781511941
23.448704477951956,120.77691430074819,35.774381221299855
89.7529105498095,69.07971279590456,21.167376654285945
79.30849995369137,74.43937459257516,26.252125453733484
32.64480207098894,115.04709181120064,32.30810611781041
86.03655653469552,73.7867210226752,20.1767224426293
61.711078720788564,89.77689232664565,28.512028952565778
82.06971836917967,78.10150625758241,19.828775373237946
75.7956848256778,85.53602116453516,18.66829400978704
72.29959696480783,88.92331913651151,18.777083898680626
50.40683333403459,110.31994841521275,19.273218250752716
46.996351122772595,115.17923636916072,17.82441250806665
43.266662728282945,120.31616803918159,16.417169232535457
54.443240015735476,112.37689674118754,13.179863243076975
38.36191436542771,130.97956409522726,10.65852153934497
31.896723175421034,36.928955825478816,111.17432099910015
67.19412270588123,37.0182171818295,75.78766011228929
0.889916634023207,169.65799466299126,9.45208870298503
11.334327230141879,61.65839060056156,107.0072821692966
57.99802511284428,44.39699010301483,77.6049847841409
4.606270649137694,151.3151056596432,24.07862369121913
28.931748463044627,62.26467251607894,88.80357902087644
8.573108814653512,138.50388740428772,32.92300378105877
14.847142358155375,128.91510533074916,36.23775231109547
18.343230219025344,120.76753391073609,40.889235870238565
40.23599384979863,83.8584357685814,55.90557038161996
43.64647606106059,83.65273819248816,52.70078574645127
47.376164455550224,82.44778288599223,50.17605265845755
36.19958716809769,110.72674557221401,33.0736672596883
52.280912818405476,92.32078708494369,35.39830009665086
35.29739953046021,69.04656080535538,75.6560396641844
31.006806541397328,117.45896900363226,31.534224454970424
20.5623959452792,123.9239754332891,35.51362862143175
26.101301937423266,89.80817520086815,64.0905228617086
27.29045252628332,126.64093595133916,26.06861152237752
2.964974712376389,169.18840399184114,7.846621295782536
23.32361436076746,134.54883552380136,22.127550115431184
17.049580817265603,147.85201802719624,15.098401155538115
13.553492956395628,154.0371948221483,12.409312221456098
8.339270674377637,162.2383823279295,9.422346997692921
11.749752885639474,156.274368854885,11.975878259475474
15.479441280129146,150.12151091907026,14.399047800800547
4.302863992676614,173.1135021399102,2.5836338674132295
20.3841896429845,148.29428980312312,11.32152055389241
66.30420607185755,79.70881815761766,33.986975770524815
55.8597954757394,82.18586381513241,41.9543407091282
9.196097593036928,126.92702203321046,43.87688037375256
62.58785205674356,85.6501748659169,31.76197307733957
38.2623742428366,97.6917743097113,44.0458514474521
58.6210138912277,90.75295904879219,30.62602705998012
52.34698034772585,99.95907046433979,27.69394918793436
48.850892486855884,103.79373382517593,27.35537368796817
26.958128856082595,129.5256269979983,23.516244145919107
23.54764664482062,136.40653340430347,20.0458199508759
19.817958250330996,143.58508542256124,16.59695632710774
30.994535537783527,133.8581305807311,15.147333881485364
14.913209887475729,156.9988290785862,8.087961033937974
10.444410596118146,41.583281958847984,127.97230744503386
57.10810847882057,40.50367519163705,82.38821632954239
3.7163540151140557,136.670135960567,39.61351002431903
28.041831829020936,53.16048913993849,98.79767903104059
7.683192180629837,125.19235694572824,47.124450873641905
13.957225724131709,120.12360587408509,45.91916840178323
17.453313585001673,111.99626975412531,50.55041666087303
39.34607721577495,77.7922900925862,62.861632691638874
42.7565594270369,78.28985557715859,58.95358499580452
46.486247821526526,77.67971950462642,55.83403267384705
35.30967053407402,107.13459401702644,37.555735448899554
51.39099618438178,89.28558969504118,39.32341412057703
46.66369788270242,50.54589122084174,82.79041089645587
6.7280565810041715,150.9351911710143,22.33675224798152
17.597421232902754,74.04661391708136,88.35596485001587
2.76121841548812,168.82441120733245,8.41437037717929
3.5128151280134507,168.41417799108333,8.07300688090317
7.008902988883488,157.2754010434361,15.715695967680402
28.901666619656787,102.6942968636781,48.4040365166651
32.312148830918744,101.47250645687495,46.215344712206324
36.04183722540837,99.22248571187944,44.735677062712185
24.86525993795584,131.36666289090365,23.768077171140487
40.94658558826365,108.693662121184,30.35975229055238
53.391754463706576,89.10583525266851,37.502410283624926
29.066276649799637,97.61228602217506,53.32143732802531
49.424916298190716,94.72932256963549,35.8457611321738
43.15088275468888,105.16240752639384,31.686709718917292
39.6547948938189,109.35672629496551,30.98847881121559
17.762031263045603,139.38293492975592,22.85503380719847
14.351549051783609,147.920694447732,17.72775650048435
10.621860657293974,156.69527610429782,12.682863238408178
21.798437944746546,143.9694134731627,14.232148582090774
5.717112294438845,170.25023024308928,4.032657462471886
24.32547781390693,44.60173249941012,111.07278968668295
3.9668381655159095,115.181884679828,60.85127715465615
10.240871709017735,116.91339423438748,52.845734056594814
13.736959569887691,107.55491564535096,58.708124784761374
35.62972320066096,73.9959595141184,70.37431728522067
39.0402054119229,75.32597084239406,65.63382374568305
42.76989380641253,75.36090224433762,61.86920394924984
31.593316518960027,107.5153011463536,40.891382334686384
47.67464216926779,89.32547447597607,42.99988335475613
20.358639648391083,121.27477131172495,38.36658903988399
14.08460610488927,140.7017039723927,25.213689922718054
10.588518244019307,149.22263369864257,20.18884805733817
11.304245386754003,141.1356365212497,27.56011809199629
14.714727598015921,135.5155184741045,29.76975392787951
18.444415992505558,129.70959927946035,31.845984728034058
7.26783870505313,165.09877801532528,7.633383279621551
23.349164355360863,135.61041062411894,21.04042502052015
6.274033543501829,121.83316813480792,51.892798321690236
9.770121404371812,108.50340252931576,61.726476066312436
31.662885035145088,72.6306387979747,75.70647616688021
35.07336724640704,74.69082909231228,70.23580366128068
38.803055640896694,75.236486685728,65.96045767337533
27.62647835344416,110.64335242299765,41.7301692235582
43.707804003751924,91.33878151861549,44.95341447763257
3.4960878608700368,85.68095675407194,90.8229553850581
25.38885149164326,65.78023684797107,88.8309116603857
28.799333702905205,69.80605534092349,81.3946109561713
32.52902209739484,71.81701615491664,75.65396174768853
21.35244480994231,114.1638924451153,44.4836627449424
37.43377046025009,92.91863823958008,49.64759130016983
21.892763630773295,66.07800833110574,92.02922803812099
25.303245842035235,71.07300833091335,83.62374582705142
29.032934236524888,73.62491240271308,77.34215336076205
17.85635694907234,121.231187699318,40.912455351609644
33.93768259938013,97.01193732117316,49.05038007944671
3.410482211261955,122.05891790287511,54.53059988586294
7.140170605751615,116.53690983380409,56.32291956044433
4.036406681700857,166.66556617898607,9.298027139313003
12.044918968606813,143.4928618235052,24.462219207887987
3.729688394489475,114.70855928713057,61.5617523183798
7.446888892962925,153.72848580527608,18.82462530176104
8.63443675734488,150.4070931398214,20.95847010283369
11.176577287452531,139.6182474814538,29.205175231093666
4.90474836285531,160.98102871753895,14.11422291960574
16.081325650307765,83.26592567958632,80.65274867010591
144.65942738025385,33.44528617735288,1.8952864423934694
127.09651128097455,47.791191918885936,5.112296800139559
80.00496547161293,87.67540804316575,12.31962648522129
142.14926555803785,35.97820653832225,1.8725279036400502
136.0200334389748,41.33786833499263,2.6420982260326347
89.65252311747913,81.94558555361823,8.401891328902721
137.3345064366651,40.68521476509256,1.9802787982424537
119.32803458434145,56.67538606906315,3.9965793465954706
132.87890360333864,44.999999999999915,2.121096396661619
125.28757270392951,52.4345149069528,2.277912389117717
121.74971431372737,55.821812878929094,2.4284728073434474
99.20656373134538,77.21844215763034,3.57499411102416
94.39371790901995,82.07773011157822,3.5285519794018887
89.2991691497376,87.21466178159915,3.4861690686632145
98.38109411208849,79.2753904836051,2.3435154043063426
79.64408778761361,97.87805783764487,2.477854374741651
17.56291609927942,16.013861886640466,146.4232220140801
64.65446190864103,16.103123242991156,99.24241484836786
2.51016182221592,148.7429007241526,28.746937453631393
8.639393941279307,40.74329666172316,130.61730939699757
55.006904262774846,23.481896164176483,101.51119957304869
7.324920943589089,130.40001172080468,42.275067335606224
25.331392795912606,41.34957857724055,113.31902862684687
11.780523776915464,117.58879346544929,50.63068275763528
19.37185467632439,108.00001139191076,52.62813393176486
22.909713066526617,99.85243997189771,57.237846961575684
45.45286364890858,62.94334182974305,71.60379452134836
50.26570947123409,62.73764425364978,66.99664627511613
55.360258230516365,61.53268894715386,63.107052822329784
46.27833326816547,89.81165163337565,43.91001509845887
65.01533959264034,71.40569314610534,43.57896726125431
47.09154580936159,33.797659790375455,99.11079440026298
15.052754277063462,152.7078700186122,12.23937570432435
8.923522158000216,159.17287644826894,11.903601393730922
37.44398816349539,54.559274185888235,87.99673765061637
10.237995155690369,161.88983696631902,7.872167877990587
7.7684766966331225,155.56269499317924,16.66882831018764
5.782392322364035,169.7977365387812,4.419871138854744
1.8089385770449533,176.89908095782374,1.2919804651313571
5.346796967247216,170.7139041628719,3.9392988698810436
27.88994754962911,126.98948131294958,25.120571137421297
32.702793371954634,121.02546783990505,26.271738788140343
37.79734213123692,114.87260990409031,27.330047964672755
28.71541716888605,137.86460112493026,13.419981706183675
47.452423493360904,113.04538878814321,19.502187718495886
62.14430008642503,103.16357289369621,14.692127019878766
56.01506796736175,105.64061855121093,18.344313481427324
9.647557645866211,150.38177676928905,19.97066558484477
57.32954096505196,109.10492960199541,13.56552943295263
39.323069112728454,121.14652904578985,19.53040184148173
52.87393813172562,114.20771378487073,12.918348083403638
45.28260723231669,123.41382520041832,11.303567567265011
41.74474884211444,127.24848856125448,11.00676259663109
19.201598259732382,152.9803817340769,7.81802000619067
14.388752437406938,159.861288140382,5.749959422211025
9.294203678124612,167.03984015863986,3.6659561632355753
18.376128640475656,157.31288531680957,4.310986042714712
0.36087768399919773,179.54641618533515,0.09270613066389802
6.129232119063313,22.288433208201866,151.58233467273482
52.496742440558855,21.20882644099099,106.29443111845016
4.814759121373041,117.3752872099208,57.8099536687061
22.821230973696615,33.865640389292416,123.313128637011
9.27036195469946,105.89750819508218,64.83212985021841
16.861692854108377,100.82875712343902,62.309550022452584
20.399551244310604,92.70142100347925,66.89902775221015
42.942701826692584,58.497441341940146,78.55985683136727
47.75554764901809,58.99500682651253,73.2494455244694
52.850096408300374,58.38487075398037,68.76503283771927
43.768171445949456,87.83974526638039,48.39208328767014
62.50517777042435,69.99074094439514,47.504081285180504
46.367510321495544,26.935863993140853,106.69662568536363
1.31447299769016,174.54521839871506,4.140308603594689
16.69199885463329,50.436586689380455,112.87141445598627
3.141129835636044,167.5655615649669,9.293308599397053
10.732460735045118,144.80415076338235,24.463388501572602
14.270319125247289,133.6653738157352,32.06430705901754
36.81346970762929,79.08426963597724,64.10226065639348
41.62631552995478,77.86247922917406,60.51120524087118
46.72086428923706,75.61245848417855,57.6666772265844
37.63893932688618,107.75663566320276,34.60442500991109
56.375945651361036,85.08363489348312,38.54041945515585
47.681983319185754,113.01205004157626,19.305966639237973
29.675511466862265,121.51850081108282,28.805987722054944
43.226380485859444,118.63553735854326,18.13808215559732
35.635049586450464,129.06862231530158,15.296328098247935
32.09719119624826,133.26294108387327,14.639867719878493
9.554040613866226,163.28914971866374,7.156809667470038
4.741194791540724,171.82690923663966,3.4318959718194555
0.35335396774200456,179.39850910679428,0.24813692546381977
8.728570994609465,167.8756282620704,3.395800743320187
10.008435329865492,165.8435549680029,4.148009702131562
18.006471852323482,26.4052888550232,135.58823929265333
4.455602833326339,96.98544103544116,78.55895613123253
12.046933732735301,98.71695059000058,69.23611567726412
15.584792122937486,89.35847200096406,75.05673587609844
38.12794270531949,55.799515869731465,86.07254142494904
42.940788527645,57.129527198007125,79.92968427434789
48.03533728692727,57.16445859995069,74.80020411312205
38.95341232457639,89.31885750196665,51.72773017345699
57.69041864905125,71.12903083158915,51.18055051935961
13.550869018997165,145.79022091769534,20.658910063307495
5.959538119588161,165.21715357836305,8.823308302048694
2.421679729386106,173.73808330461293,3.8402369660011777
20.121470852996,116.62018691527939,43.25834223172463
24.934316675321508,111.00006886813412,44.06561445654439
30.028865434603784,105.19414967348995,44.776984891906274
20.94694047225289,140.58332840935492,18.46973111839218
39.68394679672775,111.09496101814861,29.221092185123638
7.591330899408984,104.12548915823142,68.2831799423596
11.129189289611201,90.79572355273929,78.07508715764953
33.67233987199319,54.92295982139824,91.4047003066086
38.48518569431869,56.98315011573579,84.53166418994553
43.57973445360096,57.52880770915151,78.89145783724754
34.49780949125005,92.93567344642116,52.566517062328785
53.234815815724936,73.63110254203902,53.134081642236055
3.5378583902022953,69.29057513340258,107.17156647639514
26.081008972584204,49.38985522730174,104.52913580011408
30.893854794909693,53.41567372025413,95.69047148483617
35.988403554191976,55.42663453424729,88.58496191156073
26.906478591841093,97.77351082444592,55.32001058371299
45.64348491631597,76.52825661891073,57.828258464773306
22.54315058238201,49.72939723976865,107.72745217784937
27.355996404707504,54.72439723957622,97.9196063557163
32.45054516398977,57.27630131137595,90.27315352463427
23.368620201638866,104.88257660798088,51.748803190380244
42.10562652611375,80.66332622983607,57.23104724405019
4.8128458223256185,106.36069376314653,68.82646041452797
9.907394581607834,100.83868569407561,69.25391972431662
0.8254696192568557,177.63620968128498,1.5383206994582277
19.562475943731776,127.7946376837768,32.64288637249143
5.09454875928228,100.41269875846572,74.492752482252
3.9873762030685156,168.02434633394085,7.988277462990426
14.749630121406264,136.1112326111566,29.139137267437142
9.081924962350865,152.549247645326,18.36882739232309
9.655081362123966,148.05002855366683,22.29489008420919
18.73700632447487,72.42957784081575,88.83341583470937
14.345905741533224,14.118575444247194,151.53551881421956
54.230121865813,14.207836800597857,111.56204133358915
2.5329203609694275,146.84761428175932,30.619465357271295
7.892582157640049,38.84801021932993,133.25940762303006
48.50029937626551,21.586609721783187,109.9130909019513
7.239928587740024,128.50472527841148,44.25534613384852
23.230099891710484,39.45429213484727,117.31560797344225
11.55471382264724,115.69350702305604,52.751779154296685
18.989228729599976,106.10472494951748,54.90604632088255
22.37652670157634,97.95715352950444,59.66631976891922
43.773155980277586,61.048055387349784,75.17878863237264
48.63244393422555,60.8423578112565,70.52519825451797
53.76937560424639,59.63740250476058,66.59322189099304
45.83010430625234,87.91636519098236,46.253530502765294
64.4327716602921,69.51040670371205,46.056821635995846
39.88421612427978,28.68536299023594,111.43042088548428
11.81298538056385,157.82016681875163,10.366847800684514
6.453323583893289,164.28517324840846,9.261503167698285
34.15439363473225,49.44697738574874,96.39862897951903
7.105977153793184,167.00213376645863,5.891889079748267
8.884194150177203,150.45039819303975,20.665407656783035
2.791191918885832,174.9100333389207,2.298774742193333
4.643322988066962,171.78678415768422,3.5698928542489443
8.030620960043093,165.60160736273232,6.367771677224535
29.427250238744328,121.87718451281005,28.695565248445597
34.286538192692305,115.91317103976554,29.80029076754214
39.42346986271316,109.76031310395082,30.81621703333603
31.484198564719147,132.75230432479074,15.763497110490107
50.08686591875888,107.9330919880037,21.980042093237426
51.69720150484364,115.48319937891752,12.81959911623886
46.337539708173004,117.96024503643228,15.70221525539472
5.729822489547627,162.7014032545104,11.56877425594216
46.99019327807301,121.42455608721677,11.585250634710274
31.000021974102534,133.46615553101114,15.533822494886344
42.67540804316578,126.52734027009208,10.79725168674222
35.24089313621309,135.73345168563958,9.025655178147343
31.853595164236662,139.56811504647578,8.5782897892875
10.45696588553538,165.30000821929826,4.243025895166323
5.597677931587317,172.1809146256035,2.221407442809147
0.46074626156487264,179.35946664386242,0.17978709457005376
8.400017559560887,169.63251180203076,1.967470638408153
10.20264979447909,167.2267897001139,2.5705605054071627
5.359661796670665,20.41590530456205,154.2244328987673
45.96737901529613,19.336298537351098,114.69632244735278
4.707008226770644,115.50275930628104,59.790232466948346
20.697179530741096,31.993112485652542,127.30970798360639
9.021793461677875,104.02498029144232,66.95322624687984
16.456308368630587,98.95622921979911,64.5874624115703
19.843606340606957,90.82889309983936,69.32750055955367
41.2402356193082,56.624913438300254,82.13485094239157
46.099523573256164,57.122478922872645,76.7779975038712
51.23645524327701,56.512342850340474,72.25120190638253
43.297183945282946,85.96721736274048,50.73559869197655
61.89985129932273,68.11821304075524,49.98193565992203
40.60771721862549,24.293765767108244,115.09851701426629
0.6526535699002586,177.18731662474798,2.160029805351523
15.33751773407048,47.79448846334786,116.8679938025817
3.6621316650073155,164.92346333893425,11.414404996058579
11.096646571959992,142.16205253734972,26.741300890690322
14.483944543936337,131.02327558970256,34.49277986636109
35.88057382263758,76.44217140994465,67.67725476741779
40.73986177658553,75.22038100314145,64.03975722027302
45.876793446606385,72.97036025814594,61.15284629524768
37.937522148612324,105.11453743717016,36.9479404142175
56.540189502652105,82.44153666745052,41.018273829897375
41.26037078852547,121.41394137047891,17.32568784099561
25.270199484555004,129.92039213998547,24.809408375459544
36.94558555361823,127.0374286874459,16.016985758935864
29.511070646665566,137.4705136442042,13.018415709130263
26.12377267468915,141.66483241277592,12.211394912534972
4.727143395987825,171.69104104756644,3.5818155564457284
0.132144557956448,179.77119943446098,0.09665600757907869
5.269076227980934,170.99661777789171,3.734305994127231
2.6701950700136496,176.27751959097264,1.0522853390135503
15.932472284026623,157.44166363910028,6.6258640768731105
15.990171303970438,24.425010056780792,139.58481863924877
4.314785234907232,95.00516223719873,80.68005252789403
11.749300141859969,96.73667179175814,71.51402806638188
15.136598113836351,87.37819320272166,77.48520868344201
36.53322739253756,53.8192370714891,89.64753553597336
41.39251534648553,55.14924839976474,83.45823625374973
46.52944701650639,55.18417980170831,78.28637318178531
38.59017571851233,87.33857870372428,54.071245577763406
57.192843072552115,69.14875203334677,53.65840489410113
11.675386069063224,149.78680026429078,18.537813666646056
4.24087116211062,169.21373292495832,6.545395912931116
0.8535731901344036,177.7346626512083,1.4117641586576657
20.54305608856708,112.62360756868395,46.83333634274894
25.40234404251507,107.00348952153873,47.594166435946214
30.539275712535943,101.19757032689454,48.26315396056955
22.600004414541907,136.5867490627595,20.81324652269861
41.20267176858165,107.0983816715532,31.698946559865153
7.43451490695277,102.00439276156995,70.56109233147737
10.821812878929096,88.67462715607783,80.5035599649931
32.218442157630314,52.80186342473678,94.9796944176329
37.07773011157829,54.86205371907434,88.06021616934738
42.21466178159915,55.40771131249006,82.3776269059108
34.27539048360509,90.8145770497597,54.9100324666352
52.87805783764487,71.51000614537756,55.61193601697757
3.3872979719762797,67.012662744285,109.60003928373864
24.783927250677596,47.11194283818403,108.10412991113836
29.64321520462557,51.13776133113645,99.21902346423799
34.78014687464642,53.1487221451296,92.07113098022398
26.840875576652373,95.49559843532823,57.66352598801941
45.44354293069214,74.25034422979304,60.306112839514824
21.396629278701237,47.30092443242511,111.30244628887367
26.255917232649193,52.295924432232695,101.44815833511812
31.39284890267004,54.84782850403242,93.75932259329754
23.45357760467598,102.45410380063736,54.09231859468665
42.05624495871576,78.23485342249253,59.708901618791714
4.859287953947868,102.7856996521223,72.35501239392975
9.996219623968809,97.26369158305131,72.74008879297989
2.0569483259747137,174.061215570261,3.881836103764266
20.659615680014532,124.2196435727525,35.12074074723297
5.136931670020851,96.88414677906383,77.97892155091532
2.8023396279731387,171.5528983133426,5.644762058684097
15.800327726066579,132.58268063175476,31.616991642178686
7.9392712979940505,156.03541671398926,16.025311988016703
10.663396056045693,144.56385948500358,24.77274445895071
18.602667354039777,70.08606243650934,91.3112702094509
0.08926135635193871,179.77911819554,0.13162044810546528
132.72903883751218,6.284648004532017,40.98631315795574
24.729434775082748,12.749654434188914,142.52091079072832
7.468034277536023,159.0175038000317,13.514461922432282
114.38614983416427,15.466614952238979,50.147235213596765
25.33571669060011,58.01408299274068,96.65020031665922
101.57493157880887,23.374514524701166,55.05055389648996
91.98614950527032,36.677697028096034,51.33615346663367
83.83857808525725,42.86287382304808,53.29854809169468
46.929479943102585,86.58729667297037,46.48322338392705
46.72378236700933,92.55131014601486,40.72490748697581
45.51882706051339,98.70416808182961,35.77700485765702
73.7977897467352,75.71217686098963,30.490033392275198
55.39183125946488,100.5313891977767,24.07677954275842
132.63977748116153,3.9211580453282537,43.439064473510086
24.640173418732132,6.398203702843194,148.96162287842472
7.378772921185287,51.139361920921274,121.4818651578934
114.29688847781364,9.862514753627572,55.84059676855877
25.246455334249443,21.904114197422018,132.84943046832856
101.4856702224582,14.96529893650291,63.54903084103889
91.89688814891966,24.171410352050504,63.931701499029835
83.74931672890659,28.006073712886653,68.24460955820675
46.84021858675192,53.73796688570904,79.42181452753906
46.63452101065866,60.61887329201416,72.7466056973272
45.42956570416272,67.79742531027195,66.77300898556534
73.70852839038452,58.070470468441826,48.221001141173666
55.30256990311421,81.21116896629695,43.486261130588844
107.99960406242937,51.03537066183339,20.96502527573723
125.26100455997619,49.95576389462233,4.78323154540146
18.34288900334784,146.12222466355232,15.534886333099895
107.39332214691204,62.612577842923834,9.99410001016413
31.15410725870325,134.64444564871366,14.201447092583104
40.74288933224186,129.57569457707044,9.681416090687724
48.890460752254874,121.44835845711067,9.661180790634486
85.79955889440951,87.24437879557158,6.956062310018947
86.00525647050287,87.74194428014388,6.252799249353224
87.21021177699873,87.13180820761177,5.657980015389496
58.93124909077695,116.58668272001182,4.482068189211193
77.33720757804736,98.73767839802646,3.9251140239261795
17.261400497546692,157.55317339013837,5.1854261123148815
89.65671505908153,43.927909001717644,46.415375939200814
0.60628191551783,178.9461039136224,0.4476141708605809
76.8454968037261,61.81712903803575,41.33737415823815
67.25671473018757,84.57853983962019,28.164745430192234
59.109143310174495,95.71731678726736,25.173539902558115
22.200045168019816,150.29842096702535,7.501533864954882
21.994347591926573,151.52021137382843,6.4854410342448885
20.789392285430665,153.77023211882397,5.440375595745379
49.068354971652454,121.62605493979977,9.305590088547774
30.662396484382146,144.29905570951937,5.038547806098568
106.91811555662825,11.500850468527604,61.58103397484415
17.867682413064067,20.00730123803411,142.12501634890182
94.10689730127284,17.124337785494582,68.76876491323259
84.5181152277343,27.557422742252914,67.92446203001279
76.37054380772123,31.751741510824605,71.87771468145417
39.461445665566565,61.77795014561499,78.76060418881845
39.2557480894733,70.31570966359101,70.4285422469357
38.05079278297736,79.09029132015684,62.8589158968658
66.32975546919916,66.36442868902178,47.30581584177906
47.92379698192885,92.6452454589484,39.43095755912276
89.05043314356418,68.68035619062935,22.269210665806476
12.811218255355383,139.26050837104728,27.928273373597307
22.400000328893967,140.9920179256067,16.60798174549932
30.547571748907014,131.6335393365702,17.818888914522763
67.45666989106167,98.07458320533765,14.468746903600696
67.66236746715495,99.40459453361328,12.933037999231772
68.86732277365088,99.43952593555686,11.693151290792265
40.58836008742905,131.59392483757284,7.817715074998103
58.994318574699456,113.40409816719526,7.601583258105275
76.23921488820876,32.47119229084848,71.28959282094274
66.65043281467022,51.89812495151625,61.45144223381354
58.50286139465716,60.419054677766105,61.078083927576735
21.593763252502495,130.0607844578738,28.345452289623704
21.388065676409216,135.68090250501902,22.931031818571757
20.18311036991329,141.48682169966324,18.330067930423482
48.4620730561351,106.0976429637982,25.440283980066713
30.056114568864796,135.5860103550045,14.357875076130687
9.588782073538553,154.75617191586667,15.655046010594752
17.736353493551604,141.42640631037452,20.83724019607387
54.64545163570626,105.55364257903351,19.800905785260255
54.85114921179953,107.61383287337105,17.535017914829425
56.05610451829547,108.15949046678678,15.784405014917777
27.777141832073692,143.5663562040564,8.656501963869944
46.18310031934406,124.26178529967422,9.555114380981731
8.147571420013058,121.91870906516743,49.933719514819494
45.05666956216773,102.01798915906656,32.92534127876574
45.26236713826102,106.04380765201894,28.693825209720025
46.467322444756924,108.05476846601212,25.47790908923097
18.188359758535107,150.40164475621077,11.409995485254118
36.59431824580548,129.15639055067555,14.249291203518988
36.90909814215467,106.96724420134433,36.123657656501024
37.11479571824794,111.96224420115189,30.922960080600152
38.31975102474385,114.51414827295166,27.166100702304497
10.040788338522049,162.1204235695566,7.838788091921391
28.446746825792413,137.90117319141174,13.652079982795856
0.20569757609387446,177.96448828449306,1.8298141394134673
1.410652882589487,172.4424802154238,6.146866901986943
26.8683098036326,110.75999579736607,42.37169439900132
8.462351316362351,160.60156779487477,10.936080888762934
1.2049553064955647,167.409345033582,11.385699659922086
27.074007379725863,101.02770005882483,51.898292561449296
8.668048892455571,156.89212111372723,14.439829993817213
28.27896268622178,89.44219482299627,62.27884249078195
9.873004198951477,148.84291862400335,21.284077177045184
18.405958487270336,116.3395929392746,45.254448573455086
173.49447019101228,4.052778493433043,2.452751315554457
167.02946376135554,6.529824150947978,6.4407120876964665
20.761614395512755,51.2709823690261,107.96740323546113
164.3125032433055,9.9941352017324,5.693361554961998
121.76503520280376,22.035734645526865,36.19923015166937
156.40460367084324,15.096919384607768,8.498476944548992
143.10142116744848,24.303030800155348,12.595548032396191
136.9162443724964,28.1376941609915,14.946061466512074
93.1918215225741,53.86958733381388,32.938591143612015
87.22780804952959,60.75049374011902,32.0216982103514
81.07495011371486,67.92904575837679,30.996004127908353
104.06694133455484,58.202090916546716,17.730967748898465
79.24772899776775,81.34278941440182,19.409481587830435
6.465006429656798,10.049057503877508,163.48593606646565
152.7328557954996,8.969450736666529,18.297693467833746
9.181966947706918,105.13591150559648,65.68212154669664
51.72943498820859,21.626264684968046,106.64430032682337
17.089866520169075,93.65813249075782,69.2520009890731
30.393049023563968,88.58938141911464,61.01756955732141
36.57822581851601,80.46204529915487,62.95972888232912
80.30264866843827,46.25806563761577,53.43928569394597
86.26666214148278,46.755631122188156,46.97770673632906
92.41952007729752,46.145495049656,41.4349848730465
69.42752885645753,75.60036956205602,34.97210158148644
94.24674119324463,57.751365240070776,28.00189356668462
146.26784936584272,15.032262599410023,18.699888034747293
2.716960518050244,173.5511802075539,3.731859274395953
45.26442855855177,38.53298529564959,96.20258614579866
10.624860090512252,155.661960171236,13.713179738251782
23.928042593907122,132.90054936965146,23.171408036441413
30.113219388859186,121.76177242200428,28.125008189136533
73.83764223878141,67.18066824224638,38.981689518972196
79.80165571182594,65.9588778354432,34.23946645273086
85.95451364764067,63.70885709044769,30.336629261911654
62.962522426800696,95.85303426947192,21.184443303727384
87.78173476358778,73.18003349975227,19.03823173665995
143.5508888477927,25.015312390959885,11.433798761247406
101.00342080729098,33.52176316046642,45.474816032242586
135.64298927533048,30.6387997079269,13.71821101674264
122.33980677193566,41.0718846646852,16.58830856337912
116.15462997698361,45.26620343325689,18.579166589759488
72.43020712706134,75.29241206804728,32.277380804891386
66.46619365401679,83.83017158602333,29.703634759959886
60.31333571820209,92.60475324258911,27.0819110392088
83.30532693904205,79.87889061145408,16.815782449503892
58.48611460225498,106.1597073813807,15.354178016364347
42.547468040501705,18.533120977032574,118.91941098246569
7.907899572462269,89.11327315745055,82.97882727008724
21.21108207585704,90.84478271200997,67.94413521213296
27.396258870809106,81.48630412297344,71.11743700621744
71.12068172073138,47.92734799174087,60.95197028752774
77.0846951937759,49.257359320016526,53.65794548620757
83.23755312959062,49.29229072196009,47.47015614844929
60.24556190875065,81.44668962397608,38.30774846727328
85.06477424553773,63.25686295359856,31.67836280086372
34.639568468039506,129.12139260750774,16.2390389244528
21.336385964644663,148.54832526817543,10.115288767179877
15.151209169692649,157.06925499442528,7.779535835882111
28.573213680229653,133.28901522546704,18.137771094303364
34.53722715327416,127.66889717832179,17.793875668404066
40.69008508908892,121.8629779836776,17.4469369272335
17.69809386824893,157.25215671954265,5.049749412208376
42.51730620503604,127.76378932833623,9.718904466627718
13.303182503394885,99.7056180193767,66.99119947722845
19.48835929834691,86.37585241388454,74.13578828776855
63.21278214826917,50.50308868254352,66.28412916918731
69.17679562131369,52.563278976881094,58.25992540180522
75.32965355712842,53.10893657029681,51.56140987257478
52.33766233628844,88.51580230756647,39.14653535614506
77.15687467307555,69.2112314031843,33.63189392374016
6.185176794952069,70.58255559853377,103.23226760651417
49.909599644874326,50.68183569243291,79.40856466269277
55.87361311791884,54.707654185385316,69.41873269669586
62.02647105373355,56.718614999378474,61.25491394688797
39.034479832893595,99.06549128957712,41.900028877529294
63.85369216968068,77.82023708404192,38.32607074627741
43.72442284992227,53.66869610964968,82.60688104042806
49.68843632296679,58.66369610945726,71.64786756757596
55.8412942587815,61.215600181257,62.943105559961516
32.84930303794154,108.82187547786195,38.32882148419652
57.66851537472862,84.6026250997171,37.72885952555429
5.964013473044468,131.48126490056794,42.554721626387554
12.116871408859273,125.95925683149693,41.92387175964384
10.87511981198071,157.24321918129317,11.881661006726103
13.944092524806383,152.91520882119812,13.140698653995534
6.152857935814777,126.68443754660598,47.1627045175793
16.839133285025223,141.75260754580066,21.408259169174123
7.980079051761849,162.38297139929688,9.636949548941262
22.991991220839978,125.21919968065329,31.788809098506754
1.8272211159469505,175.3800765183396,2.7927023657133487
24.81921233678709,85.84955954699943,69.3312281162135
2.4770456575147435,7.59630618832317,169.92664815416202
47.2182038755929,6.516699421112209,126.26509670329487
5.941356708299198,102.68316019004213,71.37548310165865
17.982956152093617,19.173513369413655,142.8435304784927
11.044140891174544,91.20538117520343,77.75047793362204
20.25025230672215,86.13663010356028,73.61311758971759
24.084915667558292,78.0092939836005,77.90579034884121
49.81680884038065,43.80531432206138,86.37787683755798
56.697715246685775,44.30287980663377,78.99940494668046
63.87626726494354,43.692743734101605,72.43098900095484
54.14931242311346,73.14761824650164,52.70306933038491
77.2900109209686,55.298613924516374,47.41137515451504
44.74115821807806,8.591550511713509,126.66729127020844
3.464311050784515,167.1104681198576,9.425220829357954
15.505910494578842,32.09227320795311,132.40181629746803
8.567095233659769,149.22124808353945,22.21165668280077
17.77320664920737,126.45983728195502,35.7669560688376
21.60787001004353,115.32106033430784,43.071069655648635
47.33976318286589,60.739956154549915,71.92028066258422
54.22066958917102,59.51816574774672,66.26116466308227
61.39922160742879,57.26814500275122,61.332633389819996
51.6722667655987,89.41232218177545,38.91541105262587
74.81296526345382,66.73932141205579,38.44771332449038
41.27684716729362,132.98271562642103,5.740437206285305
29.235247723499207,141.48916639592758,9.275585880573226
36.17406298441831,138.606202943388,5.219734072193734
26.967951568870703,149.03928790014638,3.992760530982953
23.13328820803456,153.23360666871804,3.6331051232473506
2.598604964787434,176.7401846964918,0.6612103387204312
9.47951137109285,168.20242517851563,2.31806345039161
16.658063389350797,159.4278435219496,3.9140930886994325
6.931108547520395,172.153706153085,0.9151852993948899
30.071807045375746,145.87288938315817,4.055303571466055
12.041599443794393,12.83975942207052,155.11864113413506
5.102784182875247,83.41991160248847,91.47730421463622
14.3088955984229,85.15142115704795,80.53968324452916
18.143558959259046,75.7929425680114,86.06349847272955
43.87545213208141,42.233986436778835,93.89056143113976
50.75635853838655,43.56399776505448,85.67964369655897
57.93491055664432,43.59892916699805,78.46616027635763
48.207955714814226,75.75332806901403,56.03871621617176
71.34865421266935,57.56350139863652,51.08784438869414
6.9388152609191245,165.32062275917704,7.740561979903886
2.2672961546284895,175.25244458015516,2.4802592652163162
6.101959515464649,166.7315148539053,7.166525630630048
31.833852688287013,97.08978507379763,51.076362237915355
38.71475909459215,91.46966702665239,49.81557387875546
45.89331111284992,85.66374783200821,48.44294105514186
36.16635627101983,121.05292656787324,22.780717161106924
59.30705476887496,91.56455917666688,29.12838605445816
9.206111415547602,91.2071410748278,79.5867475096246
13.04077477638376,77.87737546933563,89.08184975428061
38.77266794920611,42.00461173799458,99.22272031279931
45.653574355511246,44.064802032332146,90.28162361215661
52.83212637376901,44.61045962574788,82.55741400048312
43.10517153193893,80.01732536301753,56.87750310504355
66.24587002979406,60.712754458635374,53.041375511570585
3.834663360836124,57.98700756613758,118.17832907302629
29.566556533658503,38.086287660036696,112.34715580630478
36.44746293996364,42.112106152989114,101.44043090704726
43.62601495822141,44.12306696698228,92.25091807479632
33.899060116391325,86.46994325718092,59.63099662642777
57.039758614246445,65.22468905164573,57.73555233410783
25.731893172822357,38.72263464313756,115.54547218404007
32.6127995791275,43.71763464294514,103.66956577792736
39.79135159738526,46.269538714744876,93.93910968786987
30.064396755555162,93.87581401134983,56.05978923309501
53.2050952534103,69.656563633205,57.13834111338472
6.880906406305154,98.54267375695589,74.57641983673898
14.059458424562878,93.0206656878849,72.9198758875522
4.332503582732848,169.81818967509497,5.849306742172347
27.473202080587928,119.9766176775861,32.55018024182595
7.178552018257685,94.6627393362546,78.15870864548762
2.5484028235725336,173.77430575615216,3.677291420275717
20.59229567428282,130.36127318894555,29.046431136771673
9.726954841830056,156.21520380856165,14.05784134960828
13.41374365602501,144.38407239043124,22.20218395354372
23.140698497855137,68.11859179810097,88.74070970404392
1.0796067672092853,178.5181986658776,0.4021945669138446
95.08685400171895,22.962883725980408,61.95026227230065
11.577207181090447,157.98107863788485,10.441714181024688
83.60907498688024,40.85210376229849,55.538821250821265
78.54032391523707,63.61351456388296,37.84616152087998
70.41298779527729,74.75229151153013,34.83472069319257
36.20900813373818,129.33339569128808,14.45759617497373
36.70657361831058,130.55518609809127,12.738240283598218
36.096437545778414,132.80520684308675,11.09835561113487
65.55131205817842,100.66102966406253,13.787658277759054
47.70230773619315,123.33403043378219,8.96366183002463
96.16646076892985,6.717618923126088,77.11592030794404
12.656813948301393,15.224069692632586,152.119116359066
84.68868175409116,12.341106240093117,82.97021200581574
79.61993068244803,22.774191196851437,77.60587812070054
71.49259456248825,26.968509965423127,81.53889547208864
37.28861490094915,56.99471860021349,85.71666649883737
37.78618038552153,65.53247811818953,76.68134149628894
37.17604431298939,74.30705977475533,68.5168959122553
66.6309188253894,61.5811971436203,51.78788403099032
48.781914503404145,87.86201391354692,43.35607158304893
83.50964682062845,84.21524252372922,12.275110655642317
11.477779014838681,154.79539470414707,13.726826281014194
16.5465300864819,156.52690425870654,6.926565654811627
24.6738662064416,147.16842566967009,8.157708123888305
58.87784586798075,113.60946953843747,7.512684593581756
58.380280383408305,114.9394808667132,6.680238749878517
58.990416455940526,114.97441226865668,6.035171275402817
29.53554194354043,147.12881117067275,3.3356468857867925
47.38454626552575,128.93898450029513,3.6764692341790397
72.03186780578976,22.477092280684364,85.49103991352587
66.96311673414661,41.90402494135212,71.13285832450127
58.83578061418684,50.42495466760199,70.7392647182112
24.631800952647712,120.06668444770966,35.30151459964262
25.129366437220117,125.68680249485492,29.183831067925002
24.519230364687953,131.49272168949906,23.988047945812987
53.974104877087974,96.10354295363406,29.922352169277985
36.125100555102726,125.59191034484039,18.2829891000569
5.068751071643114,168.95761900844985,5.973629919907055
13.196087191602917,155.62785340295767,11.17605940543938
47.40006685314205,119.75508967161662,12.844843475241348
46.902501368569645,121.81527996595425,11.282218665476163
47.512637441101816,122.36093755936989,10.126424999528302
18.057762928701827,157.76780329663953,4.174433774658685
35.90676725068708,138.46323239225737,5.630000357055528
8.127336119959804,131.60012515585515,40.27253872418505
42.3313157814989,111.69940524975429,25.969278968746796
41.83375029692651,115.72522374270672,22.441025960366797
42.443886369458674,117.73618455669987,19.81992907384147
12.989011857058637,160.08306084689852,6.927927296042829
30.838016179043887,138.83780664136333,10.32417717959277
34.20397966153911,116.62842499197878,29.167595346482095
33.70641417696674,121.62342499178638,24.670160831246914
34.31655024949888,124.17532906358609,21.50812068691501
4.861675737098783,171.78160436019104,3.3567199027101364
22.710680059084112,147.5623539820462,9.726965958869688
0.4975654845728098,175.07944940548663,4.42298510994105
0.11257058796146768,179.39854252544367,0.48888688659701535
29.342303924440245,103.80393348734717,46.85376258821259
11.493299602454956,153.64550548485593,14.861194912689095
0.6101360725331151,173.6621442829348,5.727719644533026
28.844738439867875,94.77490080947159,56.38036075066057
10.995734117882618,150.63932186437404,18.364944017743355
29.45487451240001,83.78421480760677,66.7609106799932
11.60587019041476,143.1849386086139,25.209191200971336
17.84900432198522,120.82166112848589,41.32933454952888
158.5189176081441,6.315424356212662,15.1656580356433
23.500722696239624,14.821875125719162,141.67740217804123
140.62969757182597,11.938911673179613,27.43139075499441
117.86828677024151,22.371996629937936,39.75971659982053
106.72950982259434,26.566315398509637,46.704174778896025
52.14840564283638,56.59252403330004,71.25907032386358
50.92661523603321,65.13028355127607,63.94310121269074
48.6765944910377,73.90486520784185,57.41854030112043
80.82077167006193,61.17900257670681,38.00022575323126
58.147770900342294,87.45981934663342,34.39240975302428
135.01819491190443,22.26498025142855,22.71682483666704
17.8892200363181,92.84513243184644,69.26564753183548
40.65063083790255,94.5766419864059,44.77272717569154
51.789407785549706,85.21816339736937,42.9924288170809
106.37051196530766,51.65920726613682,21.97028076855554
107.59230237211082,52.98921859441248,19.41847903347669
109.84232311710633,53.02414999635603,17.133526886537634
77.6981459380821,85.17854889837203,17.123305163545865
100.37114670780177,66.98872222799447,12.640131064203757
117.12897487558635,32.91880646170904,29.952218662704603
94.3675640740019,52.345739122376806,33.28669680362128
83.22878712635473,60.86666884862665,35.9045440250186
28.647682946596785,130.50839862873437,20.843918424668853
27.425892539793608,136.12851667587958,16.445590784326797
25.17587179479812,141.93443587052374,12.889692334678116
57.320048973822345,106.54525713465874,16.134693891518943
34.64704820410274,136.03362452586504,9.319327270032248
22.76141080158443,113.41879775762855,43.819791440787
33.90018774923163,100.08903215213638,46.01078009863199
88.48129192898956,64.21626842079533,27.30243965021511
89.70308233579274,66.27645871513293,24.020458949074342
91.95310308078825,66.82211630854863,21.224780610663128
59.808925901764034,102.2289820458183,17.9620920524177
82.4819266714837,82.92441114143611,14.593662187080204
11.138776947647171,93.7539636349752,75.10725941737763
65.7198811274051,73.85324372887432,40.42687514372058
66.9416715342083,77.87906222182673,35.17926624396499
69.19169227920379,79.89002303581988,30.918284684976324
37.047515100179574,122.23689932601852,20.715585573801906
59.72051586989924,100.99164512048333,19.287839009617443
54.581104179757936,81.7937042987862,43.625191521455875
55.802894586561116,86.78870429859379,37.4084011148451
58.05291533155662,89.34060837039353,32.60647629804987
25.9087381525324,136.94688366699847,17.144378180469126
48.58173892225207,112.72763328885361,18.69062778889432
1.2217904068029104,170.46295441954015,8.315255173656691
3.4718111517986006,164.94094635046915,11.587242497732175
28.672366027225525,118.26152966232094,33.06610431045353
5.99936525750585,168.1031016598296,5.897533082664504
2.2500207449955503,160.9239039993369,16.826075255667586
29.89415643402871,107.51314109306978,42.59270247290151
7.221155664308992,163.37756214797216,9.40128218771871
32.144177179024226,94.88257041874162,52.97325240223416
9.471176409304551,154.2832942197487,16.245529370946684
22.673000769719636,107.03400285072682,50.29299637955353
8.506450769506536,7.099322215785194,164.39422701470835
5.623487316966951,77.67947439620313,96.6970382868299
16.05657227372532,79.41098395076258,84.53244377551209
20.250891042296992,70.05250536172606,89.69660359597695
50.277099677087385,36.49354923049348,93.22935109241914
58.81485919506341,37.82356055876913,83.36158024616748
67.58944085162923,37.85849196071269,74.55206718765808
54.86357822049417,70.01289086272868,55.123530916777156
81.1443949904208,51.82306419235116,47.032540817228046
2.882963452539588,174.59620863975036,2.5208279077100717
7.550121504218686,165.97685869958195,6.473019796199185
11.744440272790472,157.45592897333214,10.799630753877437
41.77064890758087,87.8141991932244,50.41515189919473
50.3084084255569,82.19408114607916,47.49751042836394
59.082990082122706,76.38816195143501,44.5288479664423
46.35712745098767,111.77734068730001,21.865531861712324
72.63794422091429,82.28897329609366,25.07308248299207
10.433084956758329,85.98740700263413,83.57950804060755
14.627403725330039,72.65764139714196,92.71495487752803
44.653612360120405,36.784877665800906,98.5615099740787
53.19137187809643,38.845067960138465,87.9635601617651
61.96595353466225,39.3907255535542,78.64332091178358
49.2400909035272,74.79759129082386,55.96231780564895
75.52090767345382,55.49302038644171,48.986071940104495
4.194318768571679,53.994247035154636,121.81143419627368
34.22052740336207,34.09352712905376,111.68594546758419
42.75828692133809,38.11934562200617,99.12236745665574
51.532868577903905,40.13030643599934,88.33682498609677
38.80700594676886,82.47718272619797,58.715811327033165
65.08782271669548,61.23192852066278,53.680248762641746
30.026208634790386,35.08952951989015,114.88426184531946
38.56396815276641,40.084529519697746,101.35150232753585
47.338549809332214,42.63643359149748,90.0250165991703
34.61268717819718,90.24270888810243,55.14460393370041
60.893503948123794,66.02345850995758,53.08303754191862
8.537759517976069,99.2038840956765,72.25835638634747
17.31234117454183,93.68187602660556,69.00578279885261
4.586478543406857,170.47940001381556,4.934121442777776
30.867295313333404,120.63782801630674,28.494876670359858
8.774581656565777,96.98080278664621,74.24461555678799
3.9512809745692867,171.45624230576053,4.592476719670268
22.32953579535738,132.67933663933704,24.99112756530558
12.725862631135053,152.30111071986207,14.973026649002914
13.554954138791581,148.2981654791308,18.146880382077633
26.28081676992662,69.03377709749557,84.68540613257782
70.58015218041795,10.201981625041997,99.21786619454005
72.3116617349774,29.62891428570977,78.05942397931283
62.953183145940876,38.14984401195962,78.89697284209952
29.39422701470827,107.79157379206733,42.81419919322441
30.72423834298394,113.41169183921255,35.864069817803504
30.759169744927494,119.21761103385673,30.02321922121577
62.91356864694349,83.8284322979917,33.2579990550648
44.723741976565975,113.31679968919805,21.959458334235993
1.7315095545588945,177.31555471053628,0.9529357349049716
7.626969034477175,169.3546796839717,3.0183512815511038
41.18592516570965,133.4819159526308,5.332158881659603
39.85591383743398,135.54210624696836,4.601979915597664
39.82098243549042,136.0877638403841,4.091253724125482
7.666583533475073,171.4946295776531,0.8387868888719979
25.856410203852057,152.1900586732715,1.953531122876683
9.358478589036508,138.52669081066668,32.1148306002968
42.91743472026911,118.62597090456585,18.456594375165036
41.58742339199348,122.65178939751824,15.760787210488244
41.5524919900499,124.66275021151144,13.784757798438676
9.39809308803405,167.00962650170996,3.592280410256059
27.587919758411445,145.76437229617488,6.647707945413712
33.558956131232584,124.78613311586713,21.654910752900335
32.22894480295693,129.7811331156747,17.98992208136836
32.19401340101333,132.33303718747445,15.472949411512218
0.03961449901342521,179.93931248406503,0.02107301694222177
18.22944116937487,155.72006210593452,6.050496724690595
1.3300113282756085,167.56676481190422,11.103223859820119
1.3649427302189503,173.08877288097534,5.546284388805429
33.5193416322352,96.29124889376537,50.189409473999426
15.329514961857685,146.13282089127415,18.537664146868174
0.0349314019279121,179.6576169671931,0.30745163086349325
32.189330303959544,88.09466205959305,59.7160076364474
13.999503633582012,143.95908311449554,22.041413251922464
32.154398902015956,77.74904353220397,70.09655756578006
13.964572231638456,137.14976733321112,28.885660435150438
18.18982667037751,124.15730801427273,37.65286531534976
19.426932660667752,83.46657909492396,77.1064882444083
27.94786238691762,70.13681348943179,81.91532412365059
97.58959216702532,34.26404975809074,48.146358074883956
103.20971021417054,36.3242400524283,40.46604973340116
109.01562940881472,36.86989764584401,34.114472945341255
73.6264506729497,72.27676338311369,34.09678594393662
103.11481806415605,52.97219247873154,23.91298945711242
8.52092972624982,60.467266831353896,111.01180344239624
78.16265950635756,40.566546925253014,61.27079356838943
83.7827775535028,44.59236541820543,51.62485702829179
89.58869674814696,46.6033262321986,43.80797701965445
54.19951801228194,88.95020252239723,36.85027946532084
83.6878854034883,67.70494831686204,28.607166279649682
69.6417297801077,45.88916027376759,64.46910994612473
75.26184782725294,50.88416027357516,53.8539918991719
81.06776702189708,53.436064345374916,45.49616863272801
45.67858828603208,101.04233964197986,33.27907207198808
75.16695567723842,76.82308926383502,28.00995505892655
5.620118047145238,149.61903599487124,24.760845957983523
11.426037241789405,144.0970279258003,24.476934832410322
23.963141494075618,139.1054480869898,16.931410418934604
5.525225897130651,171.05297991550162,3.4217941873676216
5.8059191946441056,144.47831321501013,29.71576759034573
29.583259541220848,123.95873187739659,26.458008581382586
0.09489215000903008,179.82315293230607,0.081954917678944
35.38917873586502,107.77226275341977,36.83855851071524
5.90081134465857,167.17298655442696,6.9262021009143835
29.48836739120634,90.89930895920791,59.612323649585754
13.329765605492158,137.5737550757622,29.09647931874564
49.20252933683321,117.67303516966132,13.124435493505484
47.14233904249568,121.69885366261369,11.158807294890641
46.59668144907993,123.70981447660688,9.693504074313186
11.189815711810212,166.0566907668056,2.753493521384256
30.494386616192397,144.81143656127037,4.694176822537246
35.87276373134106,127.80448439741818,16.322751871240754
33.8125734370035,132.79948439722574,13.387942165770701
33.26691584358773,135.35138846902552,11.381695687386715
2.139949893682113,177.04233623436974,0.81771387194849
17.16462101070021,158.73841338748565,4.096965601814235
2.0601902943376356,162.2346059302447,15.705203775417752
2.60584788775336,167.75661399931573,9.637538112930958
38.01271362502296,90.95909001210583,51.02819636287123
18.708142720640797,140.8006620096146,20.49119526974462
0.5456575934151701,175.05563705158923,4.398705354995093
35.95252333068539,83.49268214399544,60.55479452531919
16.647952426303213,139.3571031988979,23.994944374798905
35.40686573726967,73.6577898080785,70.93534445465184
16.102294832887534,133.05851360908565,30.839191558026858
19.30457090438216,124.99609490314454,35.69933419247333
19.900719906100957,156.90096371616374,3.1983163777352277
15.874901413148462,161.89596371597142,2.2291348708799967
13.863940599155129,164.44786778777134,1.688191613073478
28.482935691043345,147.94585691562392,3.57120739333282
7.237681485508103,172.16510729376878,0.5972112207227802
4.025818492952336,149.1101704367394,26.864011070308205
6.0367793069456015,154.63217850581032,19.331042187244115
48.38365559714421,77.83465451860036,53.781689884255435
27.138401391609015,127.67622651610912,25.18537209228188
2.010960813993149,163.8968297566981,14.092209429308724
44.3578371041918,72.33387484910479,63.308288046703424
23.11258289865662,128.19829590400724,28.68912119733616
42.34687629019864,63.9642857337653,73.68883797603607
21.101622084663454,123.36500953477243,35.533368380564134
21.24525420553518,127.74958842452872,31.005157369936075
4.994999999807561,145.91185405900407,29.093145941188357
7.5469040716073374,151.43386212807496,21.019233800317718
55.153179368212264,74.63633814086506,50.21048249092267
30.933928990067425,124.47791013837382,24.588160871558763
2.5519040717998296,161.66769488581784,15.7804010423824
50.15817936840468,70.10473997822467,59.737080653370654
25.93892899025984,125.96916103312712,28.091909976613035
47.606275296604956,62.276094120691766,70.1176305827033
23.387024918460114,121.6768179216989,34.93615715984101
24.219250378144842,124.17838103119597,31.602368590659193
5.522008069070854,169.23915917299377,5.238832757935422
71.275515918139,99.19788591941303,9.526598162447943
21.433943920630284,155.06230697431545,3.5037491050542178
76.79752398720994,83.29532792100943,19.907148091780634
26.955951989701198,142.6960517220165,10.347996288282287
49.841571997508765,73.96789854027328,56.19052946221795
91.56295490759334,78.05649516307402,10.380549929332641
35.698533852690915,137.45721896408114,6.844247183228031
55.86442105490245,64.44130037782531,59.69427856727224
59.400723801007125,54.06075044849267,66.5385257505002
