158.68514069071404,17.84392235830426,3.470936950981738
149.52442187482268,24.448923716972335,6.026654408204963
127.1098978963077,38.9115002456081,13.978601858084183
143.81676822186438,29.994719582851364,6.188512195284276
94.69725031891917,57.571424899952376,27.731324781128457
126.14537196653525,43.27247910275499,10.582148930709758
128.228847184008,44.33979739483353,7.431355421158443
61.96097716091679,101.70002537074745,16.338997468335762
43.59321548509886,125.41194543690617,10.994839077995
100.86410440079426,67.20901784716997,11.926877752035791
42.042180571175656,130.6676860168115,7.290133412012853
88.15302806049515,81.59176253262513,10.255209406879779
84.37293421032939,86.69993070837721,8.927135081293425
43.852215503558575,130.35837883844707,5.78940565799439
50.510677409080635,123.06199861023704,6.4273239806822895
9.160718815891393,28.218379685534693,142.6209014985739
31.575242794406325,25.56647506483136,122.85828214076231
14.868372468849621,64.04859645821776,101.08303107293263
63.987890371794876,20.91408885407014,95.098020774135
32.539768724178764,46.357885807518535,101.10234546830273
30.45629350670608,81.62553666974749,67.91816982354644
96.72416352979727,32.29677766580437,50.979058804398385
115.09192520561514,29.380950870805613,35.527123923579275
57.82103628991982,54.576889719242565,67.60207399083761
116.6429601195384,34.61023147400741,28.746808406454207
70.5321126302189,58.50739168017792,50.960495689603185
74.31220648038466,61.7954596300156,43.892333889599755
114.83292518715554,39.78139166407379,25.38568314877067
108.17446328163341,43.88127231156702,27.94426440679957
22.41452397851491,32.80419227024273,124.78128375124237
5.707653652958241,145.55397238404933,28.738373962992455
54.82717155590346,27.102621300731116,98.07020714336544
23.37904990828732,70.79468775272319,85.8262623389895
21.29557469081467,119.10857722344946,39.59584808573591
87.56344471390582,42.50844856970122,49.92810671639297
105.9312063897237,38.77683955714155,35.291954053134766
48.6603174740284,73.44721726439641,57.89246526157518
107.48224130364696,44.81769525736014,27.700063438992903
61.371393814327476,75.29746291802202,43.33114326765051
65.15148766449322,78.02175046337668,36.82676187213011
105.6722063712641,50.560933787582265,23.766859841153664
99.01374446574198,55.32615465182477,25.66010088243326
16.706870325556693,144.09651402927616,19.19661564516713
32.41264757738855,42.288728959871044,105.29862346274041
0.9645259297727576,176.82242846494654,2.213045605280966
1.118949287700483,177.84357494635316,1.0374757659465248
65.14892073539093,70.19543199463412,44.65564726997495
83.5166824112088,63.49150070901978,32.99181687977144
26.245793495513507,125.37801816478925,28.376188339697237
85.06771732513205,70.69304015279397,24.23924252207396
38.9568698358126,116.22053861597914,24.822591548208273
42.73696368597833,115.95292190436132,21.310114409660358
83.2576823927492,77.13485481587678,19.607462791374033
76.5992204872271,83.22545753657681,20.17532197619608
49.11951790294523,21.677264906167913,109.20321719088682
17.671396255329114,46.345848693688104,115.98275505098276
15.587921037856464,111.34726753327892,53.06481142886462
81.85579106094761,39.740814959304764,58.40339397974764
100.2235527367655,37.931910122357124,41.844537140877385
42.95266382107019,65.70122974343619,71.34610643549362
101.77458765068874,44.97274120582172,33.25267114348953
55.66374016136926,71.85912227718633,52.47713756144441
59.443834011535,76.14139796739752,44.41476802106747
99.9645527183059,51.37562768279108,28.659819598903052
93.30609081278378,55.853741901829466,30.840167285386766
31.448121647616126,125.1344735823619,23.417404770021967
33.5315968650888,132.0300435917033,14.438359543207913
32.73627315800237,120.61878249067593,26.64494435132168
51.10403483382022,104.64853909029429,24.24742607588547
6.166854081875045,169.63963438241547,4.193511535709396
52.65506974774351,110.87312742908018,16.471802823176315
6.544222258423979,170.3040922904525,3.1516854511235115
10.324316108589747,165.67567032397142,4.000013567438786
50.845034815360656,116.7762463435524,12.378718841086993
44.18657290983855,124.2623789752937,11.55104811486774
2.083475217472934,173.28112073921213,4.635404043315083
64.1843948056185,54.72232421562686,61.09328097875465
82.5521564814364,53.12393120522955,44.32391231333407
25.28126756574107,98.98295393925648,55.73577849500247
84.10319139535964,62.323891824377135,33.57291678026324
37.99234390604016,100.70367931053809,41.30397678342178
41.7724377562059,103.96149267504792,34.26606956874618
82.29315646297678,70.03477070000068,27.67207283702257
75.63469455745467,75.50406625718911,28.861239185356226
66.26787002309118,38.5214548131745,75.21067516373434
84.63563169890905,40.371041628805344,54.993326672285605
27.364742783213757,54.88459156404927,97.750665652737
86.1866666128323,49.99074982317874,43.82258356398898
40.075819123512815,72.15122301065422,67.77295786583296
43.855912973678564,80.26601404839853,55.8780729779229
84.37663168044944,58.18749620306089,37.43587211648968
77.71816977492733,62.481152654617205,39.80067757045549
18.367761675817874,113.11484628665478,48.517392037527344
38.90312723987743,89.8112949449331,51.28557781518948
19.918796589741127,136.4075802901982,23.673623120060665
26.19205089957834,121.53842803289288,32.269521067528785
22.411957049412607,135.16177451455079,22.426268436036615
18.108761657358265,147.59534710817124,14.295891234470503
11.450299751836136,158.92585708314488,9.623843165018952
57.2708889156953,63.618340264256894,59.11077082004781
1.5510349139232664,174.56959657500653,3.879368511070179
44.55981257539624,85.39322728699135,50.04696013761242
40.77971872523049,98.10374570168511,41.11653557308442
0.2590000184603252,179.40366605979457,0.3373339217459933
6.917461923981762,164.06879361027623,9.013744465742043
58.82192382961857,75.04018328715539,46.13789288322605
12.711076340299076,128.1206858649414,39.16823779475954
16.49117019046481,133.08117395687415,30.427655852661022
57.0118888972357,86.85634499155904,36.13176611120527
50.35342699171358,93.13642741661272,36.51014559167372
46.11084748931948,62.04413426429376,71.84501824638676
42.330753639153734,74.25622887659175,63.41301748425453
1.8100349323828577,171.37448970994006,6.8154753576770934
8.46849683790495,142.32123957686952,29.210263585225526
3.780093850165826,153.82587737504272,22.39402877479154
44.30081255693662,88.36980191941319,47.32938552365019
37.64235065141451,94.64732211254142,47.71032723604408
40.52071870677087,81.98575011973324,57.4935311734959
33.862256801248755,87.02597932575215,59.111763872999106
6.65846190552214,82.25885925123154,91.08267884324634
6.605001358668057,24.747442734553026,148.64755590677888
21.067577887303827,22.095538113849663,136.8368839988465
12.150797224547055,60.57765950723605,107.27154326821687
39.72750254164813,17.44315190308842,122.82934555526344
25.428556744450724,42.886948856536826,111.68449439901246
26.4958750365293,78.15459971876581,75.3495252447049
83.8561030124432,28.825840714822668,67.31805627273415
107.56802307860185,25.91001391982391,46.52196300157424
49.365095488865734,51.10595276826086,79.5289517428734
112.82376365850723,31.139294523025715,36.03694181846709
63.74784017432086,55.036454729196215,61.21570509648293
68.85600835007295,58.3245226790339,52.81946897089315
112.51445648014287,36.310454713092106,31.17508880676504
105.21807625193277,40.41033536058533,34.3715883874819
14.462576528635724,26.777537862037683,138.75988560932663
5.5457958658789215,139.52731797584426,34.926886158276794
33.12250118298002,21.075966892526075,125.8015319244939
18.82355538578259,64.76803334451814,96.40841126969926
19.89087367786118,113.08192281524443,47.02720350689439
77.25110165377508,36.481794161496175,66.26710418472872
100.96302171993374,32.75018514893651,46.28679313112976
42.760094130197636,67.42056285619141,69.81934301361098
106.21876229983911,38.79104084915512,34.99019685100577
57.14283881565275,69.27080850981699,53.586352674530254
62.25100699140485,71.99509605517166,45.7538969534235
105.90945512147476,44.534279379377246,29.556265499148022
98.61307489326467,49.299500243619725,32.087424863115594
8.916780662756787,158.0751158873603,13.00810344988292
18.65992465434428,28.31012710178689,133.02994824386886
4.360978857147007,162.84382660686245,12.795194535990682
5.428297149225401,168.17782319556196,6.39387965521265
62.788525125139365,56.21683013654994,60.99464473831071
86.50044519129801,49.51289885093558,43.986655957766416
28.297517601561896,111.39941630670509,40.30306609173304
91.75618577120338,56.7144382947098,31.529375934086833
42.680262287017015,102.24193675789498,35.077800955088016
47.788430462769114,101.97432004627714,30.237249490953737
91.446878592839,63.15625295779261,25.39686844936841
84.15049836462894,69.24685567849264,26.602645956878415
27.57670531710107,15.488752710883666,136.93454197201527
13.277759519903663,40.15733649840386,126.56490398169251
14.345077811982195,105.15875533799469,60.49616685002308
71.70530578789612,33.552302764020496,74.74239144808341
95.4172258540548,31.743397927072877,52.839376218872346
37.21429826431866,59.512717548151926,83.27298418752942
100.67296643396014,38.784229010537466,40.54280455550239
51.59704294977379,65.67061008190207,62.73234696832415
56.70521112552588,69.95288577211326,53.34190310236086
100.36365925559579,45.187115487506816,34.449225256897414
93.06727902738572,49.6652297065452,37.26749126606911
14.298945797197417,152.8657983634903,12.83525583931223
13.23162750511882,159.76136837283178,7.0070041220494295
44.128600470795085,92.88745770954748,42.98394181965745
67.84052053695373,76.9172143091658,35.24226515388049
9.637592947217549,162.62904083645594,7.733366216326428
73.09626111685911,83.14180264795174,23.761936235189197
24.02033763267275,142.57276750932402,13.40689485800325
29.12850580842485,137.94434554284294,12.927148648732208
72.78695393849473,89.04492156242394,18.168124499081305
65.49057371028468,96.53105419416524,17.978372095550117
1.0673182920782112,176.13673033007808,2.795951377843368
58.427546267992476,44.14017528491712,77.4322784470904
82.13946633415115,42.54178227451981,55.31875139132906
23.936538744415014,88.40080500854677,67.66265624703824
87.39520691405652,51.741742893667386,40.86305019227612
38.31928342987014,90.12153037982834,51.559186190301524
43.42745160562224,93.37934374433819,43.19320465003958
87.08589973569214,59.45262176929095,33.46147849501691
79.78951950748207,64.92191732647937,35.28856316603856
57.360227975913894,31.090099392016008,91.5496726320701
81.07214804207254,32.939686207646865,65.9881657502806
22.869220452336418,47.45323614289078,109.67754340477279
86.32788862197792,42.559394402020224,51.11271697600185
37.251965137791565,64.71986758949573,78.02816727271272
42.360133313543656,72.83465862724005,64.8052080592163
86.01858144361356,50.7561407819024,43.225277774484034
78.72220121540347,55.04979723345871,46.22800155113783
23.711920066158644,96.77584881831899,59.512231115522354
34.49100752357748,106.15029241326886,39.35870006315368
28.967660646064026,120.06858282186246,30.96375653207352
20.108262838122354,137.87742550122863,22.014311660649046
15.000094662370255,151.50077198288656,13.499133354743199
28.658353467699644,131.2563496398355,20.08529689246486
21.361973239489615,142.58685961480913,16.051167145701285
58.20292758973611,74.6131793422519,47.183893068012004
5.255740579905382,163.57475749701175,11.169501923082867
43.82018290428099,96.38806636498634,39.79175073073269
38.71201472852889,109.0985847796801,32.18940049179101
4.946433401540848,169.60149486221053,5.452071736248532
2.3499468266690937,175.063632688271,2.5864204850599197
63.4586681696415,63.11330553511961,53.428026295238915
14.382744685455137,116.19380811290559,49.42344720163931
19.49091286120723,121.15429620483837,39.354790933954405
63.14936099127712,74.92946723952325,41.92117176919963
55.852980763067045,81.20954966457691,42.93746957235606
49.07592348418637,69.33426767630662,61.589808839507015
43.96775530843427,81.5463622886046,54.48588240296114
0.3093071783647492,178.6646231219545,1.026069699681623
7.605687406574496,149.61137298888235,22.7829396045432
5.108168175752127,143.57066796816298,31.32116385608494
48.76661630582199,78.11459251253346,53.118791181644546
41.47023607761192,84.39211270566167,54.13765121672642
43.6584481300699,73.05861503843985,63.28293683149025
36.362067901859824,78.09884424445875,65.53908785368145
7.296380228210065,88.04826490922586,84.65535486256407
2.6519046207033177,175.4250937688167,1.9230016104801333
35.83021677268304,71.82512611737683,72.34465710994013
7.304290831464593,169.72352279930493,2.9721863692304167
18.139506121983768,146.584410748703,15.276083129313227
53.407156984212776,98.27052127797671,28.322321737810505
4.078397980269102,174.87064993172547,1.0509520880053536
1.162571185270467,178.6022589442857,0.23516987044496204
26.35851003370788,143.9318812370297,9.709608729262458
6.391851788472531,172.56140324406627,1.046744967461366
30.289011994643218,142.0816355834041,7.629352421952611
33.577079944480865,139.35734803804948,7.0655720174696715
11.563011978538965,166.818164713844,1.6188233076168017
15.66289262603222,162.05294384960146,2.2841635243662135
38.48212139338641,21.238231888513898,120.27964671809971
4.652386210761203,165.1470111006334,10.200602688605398
20.791410742687155,60.31928939429101,98.88929986302182
56.05906160491615,54.98529280559155,68.95564558949232
6.730302600973022,166.94628586460362,6.3234115344233475
3.814475805974335,173.65021715021797,2.5353070438078156
29.010414654411196,111.76369969444842,39.22588565114039
9.04375640917609,166.4486777064438,4.507565884380286
32.94091661534656,120.9211792432585,26.137904141394927
36.22898456518425,121.18879595487634,22.582219479939422
14.21491659924239,160.00686304336097,5.778220357396647
18.314797246735665,153.91626032266086,7.768942430603493
43.13450760414764,122.76029597910052,14.105196416751804
17.690710650699213,147.42887976662072,14.880409582680043
17.576940211529713,147.56970139378848,14.85335839468178
31.75181879241334,140.8238460322374,7.424335175349276
34.6676455874122,139.01494119528968,6.317413217298159
9.471706738975211,166.7842608163688,3.7440324446559488
29.43836498421028,146.05577227875443,4.505862737035418
5.54120477803996,172.9421533501188,1.5166418718409491
2.253136828202113,177.2244290403301,0.5224341314676616
24.267204794143915,152.45865875572375,3.274136450132388
20.167324146650806,156.936772974762,2.895902878587316
25.443796953448423,30.03645280822692,124.51975023832468
60.71144781567738,36.93202281756832,82.3565293667543
11.382688811734262,144.2831967351891,24.334114453076694
8.466862016735478,160.25344013557077,11.279697847693757
33.66280086517244,74.54161360828063,71.79558552654696
13.6961426199373,154.02885179678486,12.2750055832779
37.593302826107795,94.59788693541252,47.80881023847969
40.88137077594548,99.22630890189356,39.89232032216097
18.86730281000365,148.12573288231266,13.00696430768372
22.96718345749691,140.6396002505713,16.393216291931818
35.267650862229,72.17877527090965,72.55357386686137
14.061108141714113,155.8246696839296,10.11422217435629
16.976934936712933,154.22627667353223,8.796788389754884
8.219003911724096,159.91470059244082,11.866295495835148
11.747654333511063,163.42623729267984,4.826108373809057
12.149505872659475,158.1939752211591,9.656518906181416
15.437573822497098,154.93616185664936,9.626264320853576
6.576494143444681,171.13711616830344,2.2863896882516888
2.4766134959517263,176.60641172549177,0.9169747785570762
49.32875900394314,106.43962463672091,24.231616359335955
52.244585798941905,108.28921145235176,19.46620274870634
27.04864695050495,122.80276138759567,30.148591661899385
47.0153051957401,117.90891964672515,15.075775157534784
23.118144989569604,140.06939283420058,16.812462176229786
19.830077039731925,148.18418387194492,11.985739088323175
41.84414500567371,126.10566602660731,12.050188967718933
37.74426435818047,130.3993224781636,11.856413163655922
2.915826794998753,164.0939050910531,12.990268113948161
22.280112053438216,38.83223614053468,118.88765180602712
2.3134538082029694,172.61336090540354,5.07318528639362
26.21061401437355,70.55936922849448,83.23001675713198
29.49868196421125,84.1827157101524,66.31860232563638
7.484613998269429,161.42559408743045,11.089791914300067
11.584494645762685,150.0950841124567,18.32042124178065
25.195938848436967,28.09121634067763,126.71284481088543
5.229280603201838,149.90327950141406,24.86743989538416
29.12644080937231,49.866103363412094,101.00745582721561
32.414508759209994,62.576621778105846,85.00886946268417
10.400440793268183,143.87654213621542,25.72301707051641
14.500321440761445,128.54166968669705,36.95800887254154
19.96665824523518,142.64225727799302,17.391084476771876
3.9305019609352927,164.27724014422094,11.792257894843672
7.218569910773063,159.31675205228822,13.464678036938766
14.795498055168737,154.45841898239672,10.746082962434528
10.695617407675567,160.73850140745034,8.565881184874126
23.897160206170508,33.297325857839546,122.80551393598998
27.18522815600821,45.50942047013751,107.30535137385428
5.171160190066379,142.62768130348587,32.20115850644773
9.271040837559623,113.57443117041532,57.15452799202507
3.28806794983765,155.2136269353542,21.498305114808133
18.72600001610409,139.3302976090164,21.943702374879486
14.626119368610873,145.60781780214464,19.766062829244525
22.0140679659418,125.87808400933301,32.1078480247252
17.914187318448576,130.9183132153519,31.167499466199544
4.099880647493272,56.87317610246084,119.02694325004595
112.74978011380664,19.315230278033788,47.9349896081596
5.701570969511558,167.07001271111355,7.228416319374954
37.99049548248046,58.39628778381094,83.61321673370861
86.30438495320675,53.06229119511148,40.633323851681794
9.704256299458567,165.02328425412344,5.272459446418134
5.972647286899015,171.7272155397378,2.3001371733633116
40.643024994153684,109.84069808396838,29.516276921877946
12.013502987117372,164.52567609596375,3.4608209169188435
42.49327064777931,118.99817763277845,18.508551719442238
45.21755819313395,119.26579434439628,15.516647462469788
17.756741517339545,158.08386143288092,4.159397049779661
22.52196238158207,151.99325871218073,5.484778906237073
118.45135108331823,50.415638869160404,11.133010047521386
74.75928463132615,75.0842226566806,30.156492711993295
26.445395160599887,140.0856414962714,13.468963343128705
103.04552381434812,68.47918892229723,8.47528726335474
106.77713282690786,66.67028408534952,6.552583087742679
72.10675511965287,94.43960370642868,13.453641173918477
100.73627712668913,73.71111516881425,5.55260770449658
70.2565094660273,100.59749624017881,9.145994293793892
67.53222192067264,104.87977193039,7.588006148937381
94.99303859646706,80.11400164578355,4.892959757749414
90.22781773222464,84.59211586482188,5.18006640295356
43.692066451992076,27.06426643899648,109.24366710901147
92.00595592271833,33.95983644833786,54.03420762894381
15.40582726897012,141.3110103659586,23.283162365071302
11.674218256410425,157.28125376634028,11.044527977249302
46.34459596366533,71.56942723905017,62.08597679728451
17.715073956629034,151.05666542755438,11.228260615816586
48.19484161729092,91.62570056618208,40.179457816527005
50.919129162645575,96.2541225326631,32.826748304691336
23.45831248685116,145.15354651308218,11.388141000066671
28.22353335109367,137.66741388134082,14.109052767565483
48.31388947072627,87.45485840022288,44.231252129050866
28.286239183021994,140.54858655461632,11.165174262361733
32.0178481955817,138.950193544219,9.031958260199344
2.6525295116731327,175.1907837217544,2.1566867665726113
25.976992495363074,148.1501541633666,5.872853341270346
4.50277516529891,173.47005835047227,2.0271664842286934
7.227062710653463,170.2122449859627,2.5606923033838616
20.233753965140927,155.86103303899017,3.905212995868878
15.468533100898478,161.33032859617856,3.2011383029228804
76.60012865374824,78.1173028989104,25.282568447341372
80.33173766630793,79.96688971454124,19.701372619150842
45.661359959053,94.4804396497852,39.858200391161816
74.29088196608929,89.58659790891464,16.122520124996047
43.81111430542742,111.74707109639013,24.44181459818246
41.08682676007277,119.86186213413443,19.051311105792802
68.5476434358672,97.7833442887968,13.66901227533604
63.782422571624664,102.07700074035311,14.140576688022223
3.731609012559762,163.04295300304776,13.22543798439259
30.938768694695213,39.883188228540156,109.17804307676464
2.3092466876587148,173.66431299340894,4.0264403189321945
32.789014348320805,71.61032131649992,75.60066433517927
35.51330189367546,85.23366779815782,59.253030308166714
8.052485217881067,162.47654617543594,9.470968606683147
12.817706082123566,151.1460362004621,16.036257717414315
34.67037770725489,28.326386211122152,117.00323608162297
6.040855700218627,150.1384493718585,23.820694927922855
36.52062336088048,50.10127323385659,93.37810340526292
39.24491090623514,62.81179164855035,77.94329744521453
11.78409423044076,144.1117120066599,24.104193762899413
16.549315094683227,128.77683955714153,34.673845348175234
28.62952200703628,132.93264854873058,18.43782944423312
1.850245653625814,173.98684887348324,4.162905472891098
4.574533198980357,169.02636078155052,6.399106019469145
22.886283476814146,144.74881025313425,12.364906270051637
18.12106261257168,151.02889267818784,10.85004470924043
30.479767660661874,34.344070825300854,115.17616151403728
33.20405520601653,46.55616543759884,100.23977935638464
5.743238530222179,143.67442627094718,30.58233519883069
10.508459394464586,114.62117613787663,54.87036446765877
2.7242875453545854,162.84297935730683,14.432733097338565
24.736529130439784,131.70094518706372,23.56252568249653
19.971308266197262,137.97846538019192,22.0502263536108
27.46081667579443,118.81251199186335,33.726671332342235
22.695595811551918,123.85274119788224,33.451662990565836
4.765220864242505,58.49199941007786,116.74277972567964
173.6147570108528,2.4806492610009183,3.904593728146351
39.08105750577712,27.149233048520987,113.7697094457019
33.74706091707766,92.15065188811182,54.10228719481051
145.70805397608964,20.54419931413764,13.747746709772724
152.4119852617041,18.735294477189967,8.852720261105938
90.52546780593455,46.50461409826906,42.969918095796395
145.21044581792984,25.776125560654606,9.0134286214156
99.68294735474466,52.662506632019216,27.654546013236146
99.95056406636249,56.9447823222304,23.104653611407112
138.76863115484707,32.1790120376239,9.05235680752901
132.67802843414702,36.65712625666232,10.664845309190689
134.53369950507565,19.83585011962151,25.630450375302832
139.86769609377504,26.731420128962956,13.40088377726199
27.90670303476307,134.0825940465837,18.010702918653266
21.202771749148678,150.05283744696538,8.744390803885883
83.08928920491823,64.34101091967521,32.56969987540657
28.40431119292294,143.8282491081794,7.767439698897689
73.93180965610809,84.39728424680715,21.670906097084792
73.66419294449028,89.02570621328816,17.310100842221587
34.846125856005756,137.9251301937072,7.228743950287045
40.93672857670578,130.4389975619659,8.624273861328339
5.333996588699401,171.0680751339316,3.5979282773690184
106.62699647031255,56.93536982090776,16.437633708779707
113.33092775592695,55.33697681051041,11.332095433562664
51.444410300157415,101.19599954453739,27.35959015530521
106.12938831215276,64.53693742965795,9.333674258189282
60.60188984896753,102.91672491581897,16.481385235213498
60.86950656058534,106.17453828032882,12.955955159085832
99.68757364906995,72.24781630528155,8.06461004564854
93.59697092836986,77.71711186247,8.68591720916015
111.960993059012,37.48397904722859,30.555027893759377
118.66492434462636,39.33356586285946,22.001509792514184
56.778406888856864,53.84711579810337,69.37447731303978
111.46338490085215,48.95327405723283,19.583341041915048
65.93588643766697,71.11374724470832,42.95036631762471
66.20350314928481,79.22853828245265,34.56795856826255
105.02157023776937,57.150020437114975,17.828409325115654
98.9309675170693,61.44367688867132,19.625355594259382
6.703931285614344,157.77049355662967,15.525575157755917
55.182586170155155,45.15564767495814,79.66176615488672
0.4976081581598787,178.93677243982614,0.565619402013551
46.025106621345024,76.88278076291793,57.09211261573705
45.757489909727205,90.50612724457584,43.736382845696966
6.939422821242695,167.74900562185383,5.311571556903492
13.030025541942699,156.41849564688013,10.551478811177168
61.8865174557695,30.62652338448547,87.48695915974504
7.201539443774211,152.43858654522182,20.359874011003974
52.7290379069594,52.401410407219934,74.8695516858207
52.46142119534156,65.11192882191368,62.42664998274476
13.643354106857014,146.4118491800232,19.944796713119782
19.733956827557073,131.07697673050487,29.189066441938053
54.68497801199531,103.41637162685261,21.898650361152075
9.157479548810107,156.49687420463866,14.34564624655127
9.425096260427944,161.45736229657138,9.117541443000738
48.243163348912496,115.23253333125626,16.524303319831247
42.15256062821243,121.51261575630996,16.334823615477607
45.527498463185196,37.804891742219795,96.66760979459502
45.25988175156735,50.01698635451777,84.72313189391488
6.44181466308284,147.13524718786613,26.42293814905108
12.532417383782821,118.08199705479558,49.385585561421564
0.2676167116186311,178.64846892325002,1.0839143651322583
39.08568380010237,113.19239346762146,27.72192273227616
32.99508107940233,119.46991366074968,27.535005259847978
38.818067088484554,103.29586452939358,37.88606838212188
32.727464367784485,108.3360937354125,38.93644189680301
6.0906027207000415,62.651396459857565,111.25800081944239
24.66858378752019,15.931256391475078,139.40015982100473
89.670002627111,22.826826400816465,67.50317097207251
18.063550053136815,130.1780003184372,31.75844962842596
16.254645216189182,146.14824371881897,17.597111064991868
44.02396483726826,60.43641719152879,75.53961797120296
23.295476299653796,139.92365538003298,16.780868320313218
50.1818573710184,80.4926905186607,49.32545211032091
54.46413306122959,85.12111248514172,40.41475445362868
29.698362776623142,134.02053646556078,16.281100757816066
34.17647699566154,126.53440383381948,19.289119170519033
65.00141883959083,57.2983656882296,57.70021547217956
6.605033734383509,170.7050792666095,2.689886999007024
8.413938571330947,169.10668625621238,2.4793751724565225
19.35538104974808,145.03429100976075,15.610327940491166
1.373107487867501,178.30664687535892,0.3202456367741622
25.513273583498243,143.3135656384791,11.173160778022668
29.79554927370941,140.05575227396932,10.148698452321318
5.029778989103162,173.9824742490165,0.9877467618803907
9.507893208141226,168.51317869182824,1.9789281000306627
71.60645257397421,91.58626624203909,16.807281183986664
73.41535741092179,93.43585305767,13.148789531408212
45.646037789842744,107.94940299291389,26.404559217243357
66.37452632745722,103.05556125204335,10.569912420499458
39.48814525609261,125.21603443951884,15.295820304388537
35.20586956588143,133.33082547726315,11.463304956855449
59.9716398504879,111.2523076319255,8.776052517586649
55.49352563144942,115.54596408348186,8.960510285068727
1.8089048369475182,171.5182402664028,6.672854896649647
25.96041478413145,31.407900965185476,122.6316842506831
5.231926246517022,165.18902573005414,9.579048023428902
32.11830731788159,63.13503405314523,84.74665862897318
36.40058300809277,76.75838053480317,66.84103645710408
11.634812723486336,154.00125891208123,14.363928364432525
16.11292694252471,142.67074893710748,21.21632412036785
27.769319621079045,21.77380312337949,130.45687725554146
7.040831083464585,143.5858662841158,29.373302632419588
33.9272121548292,43.54869014611396,102.52409769905684
38.20948784504038,56.25920856080772,85.5313035941519
13.44371756043395,137.55912891891725,28.997153520648823
17.921831779472317,122.2242564693989,39.85391175112876
20.7284885376145,146.38628972264897,12.885221739736487
6.157892533750137,160.53320769956503,13.30889976668483
10.440168223961342,155.5727196076322,13.987112168406485
14.32560206064511,158.20245142705272,7.471946512302259
9.847487841606695,164.48253385210643,5.669978306286911
26.886381071364607,28.791463120804234,124.32215580783114
31.16865676157579,41.00355773310222,107.82778550532198
6.402886476969338,138.1218185664506,35.47529495658009
10.88100069600774,109.06856843338005,60.05043087061222
4.282275690211217,153.6969850635129,22.020739246275923
20.48349459439526,140.84693948085763,18.669565924747157
16.00538037535688,147.12445967398585,16.870159950657307
24.76577028460645,126.40051814080073,28.83371157459285
20.287656065568065,131.44074734681965,28.27159658761231
4.478114219038404,53.59903965232855,121.92284612863305
6.895570009341444,163.30147449076563,9.802955499892958
114.24674392696217,31.304919445604906,34.44833662743295
130.21698732734387,29.706526435207568,20.07648623744859
44.50516080005369,75.56554916923453,59.9292900307118
123.99239898855794,38.90648705435514,17.101113957086945
64.56143412718562,77.2862745405161,38.15229133229828
69.18985609366662,80.54408790502596,30.2660560013074
118.08928007408569,46.61736592997871,15.293353995935565
110.60314744234438,52.086661487167156,17.310191070488468
107.35117391762076,24.08309526996659,48.56573081241264
123.32141731800243,25.932682085597445,30.745900596400105
37.6095907907123,40.44623202084138,101.94417718844632
117.0968289792165,35.55239027997082,27.350780740812674
57.6658641178442,57.71286346744632,64.62127241470947
62.29428608432525,65.82765450519064,51.87805941048413
111.19371006474431,43.749136659852994,25.057153275402698
103.70757743300297,48.042793111409324,28.249629455587716
15.97024340038168,139.7597906379764,24.269965961641905
69.74158312690847,63.166350593611405,47.09206627948015
9.745655061595773,163.05252464151988,7.201820296884345
49.68530979977655,94.89348368157118,35.42120651865227
45.056887833295505,108.51683016322912,26.426282003475407
3.842536147123569,174.24029145949305,1.9171723933834588
3.643596484617807,174.42919856553343,1.9272049498488477
85.71182652729011,39.370914188371415,54.91725928433846
6.224588338785875,161.1829773491079,12.592434312106292
65.65555320015822,61.145801211105855,53.198645588735914
61.02713123367718,73.85631962579963,45.116549140523205
12.12770725325812,155.15623998390922,12.716052762832733
19.61383988499943,139.82136753439084,20.56479258060973
79.48723818850421,70.84667175144605,29.666090060049747
20.056273327131915,123.92717432923203,36.016552343636064
24.684695293612926,128.88766242116483,26.42764228522222
73.58411927403199,82.66283345584971,23.75304727011831
66.09798664229066,88.9429158809034,24.95909747680594
59.430964861372296,45.57233144111744,74.99670369751026
54.802542894891275,57.78442605341542,67.41303105169331
5.903118914472231,154.9026868867638,19.194194198764013
13.38925154621354,125.84943675369321,40.761311700093245
4.628421966481068,156.97756282616626,18.394015207352716
53.52784594690009,91.5214873705367,34.95066668256322
46.041713315158766,97.79900756366493,36.15927912117631
48.89942398041905,85.98576368717201,45.11481233240892
41.413291348677724,91.02599289319093,47.560715758131344
7.486132631741345,69.88014041014459,102.63372695811408
131.99655504516076,33.886050769859544,14.117394184979698
133.59494805555804,35.735637585490416,10.669414358951538
87.73592532153114,50.24918752073431,42.01488715773456
124.39498743641047,45.35534577986381,10.249666783725766
86.01519995024952,67.51581896733927,26.46898108241122
82.75738658573971,75.63061000508358,21.612003409176715
116.68410856078694,53.55209215974594,9.763799279467113
111.21481300359848,57.84574861130228,10.939438385099248
1.598393010397017,174.20812726540962,4.193479724193206
44.26062972362963,28.71801396617845,107.02135631019195
7.6015676087502655,162.49913873104717,9.89929366020264
45.98135509491122,60.44514705413823,73.57349785095055
49.23916845942106,74.06849353579614,56.69233800478282
15.31244648437382,151.3113719130742,13.376181602552006
20.781742041562257,139.98086193810045,19.23739602033731
45.85902273402691,19.29442795092283,114.84654931505028
9.199960619147529,141.1064911116592,29.693548269193194
47.57974810530853,41.06931497365729,91.3509369210342
50.837561469818375,53.77983338835104,75.38260514183061
16.910839494771107,135.07975374646057,28.009406758768318
22.380135051959584,119.74488129694222,37.87498365109821
36.65906211487936,130.77596178215785,12.564976102962829
1.7207253712810722,176.1435356400568,2.135738988661789
4.978538735791522,171.18304754812328,3.8384137160852148
28.948183239255755,142.59212348656155,8.459693274182703
23.478887682067334,148.8722059116152,7.648906406317454
38.37978748616095,28.471217484030504,113.14899502980855
41.6376008506708,40.683312096328486,97.67908705300071
7.7108788756235285,137.80157292967687,34.48754819469961
13.180174432812027,108.74832279660629,58.07150277058173
3.2578133645098535,164.87014584153536,11.872040793954756
30.668908610537382,129.673778702835,19.657312686627627
25.19961305334896,135.9512988959632,18.84908805068784
33.92672197504724,116.25181968847944,29.821458336473327
28.457426417858798,121.29204889449832,30.250524687642873
5.469295557188525,54.586786414208994,119.9439180286026
1.8495868156308082,171.6744785496109,6.4759346347583095
16.363136750874755,14.600619781198734,149.03624346792648
11.469295010004265,148.3817445460674,20.148960443928353
33.62976819747971,46.32775286915854,100.04247893336175
41.74455923522404,59.951099350816435,78.30434141395952
19.66604138988639,137.19397772809447,23.139980882019167
23.959697841442694,125.86346775312074,30.176834405436576
14.5135499352439,8.625013591971284,156.86143647278487
9.61970819437337,130.43707675270764,39.94321505291899
31.780181381848863,30.399900614705743,117.81991800344538
39.89497241959319,43.110419029399495,96.99460855100732
17.816454574255545,124.41033938750905,37.773206038235415
22.110111025811847,109.07546693799068,48.81442203619747
4.893841740870617,172.79084893989224,2.3153093192372465
17.26663144660494,134.12864848232167,28.604720071073388
25.38142248434927,129.16816039038883,25.450417125261904
3.3029046390114143,175.39298935570426,1.3041060052846494
7.5965610905679295,169.11290693065024,3.290531978782024
22.160473187475503,18.221550700304782,139.6179761122197
30.275264225219843,30.43364531260277,119.29109046217741
8.196746379882159,127.55190614595114,44.25134747416671
12.490402831438525,98.49865601288056,69.01094115568097
8.1147910377443,138.40116475912433,33.48404420313135
13.96372680759333,156.1427597852462,9.89351340716049
9.670070356037037,162.42027997837434,7.909649665588619
22.07851784533765,137.86382309765614,20.057659057006184
17.784861393781355,142.90405230367503,19.311086302543632
4.29365645155632,44.8229871347418,130.88335641370188
157.07385876841204,15.100948226729617,7.825193004858362
23.29273400354344,136.9130113874659,19.79425460899063
125.34672568045237,36.875835249464,17.777439070083656
111.72337919879446,49.586353664157734,18.69026713704779
34.480500821516465,130.88627402226726,14.633225156216284
45.81101079649016,115.55140157274894,18.637587630760894
133.78112476486868,23.754605471965917,22.464269763165404
31.72713308795979,76.8351080497519,71.43775886228835
45.35047956961768,81.79559614168467,52.85392428869764
122.59335794689568,35.57076717636956,21.83587487673472
111.26284797192197,41.850849601423256,26.886302426654783
102.05399167690892,38.370511144233085,39.57549717885798
88.43064519525103,50.58260575653108,40.9867490482179
11.187766817973033,147.70086658987938,21.11136659214763
22.51827679294671,118.64761645680888,38.83410675024441
13.62334648165792,121.55635630751391,44.82029721082819
90.86622485893592,56.10028085188442,33.033494289179664
79.53571488396221,62.37780104501264,38.08648407102515
77.24287837727803,59.55948168369661,43.197639939025386
65.9123684023043,64.59971088971552,49.48792070798017
11.330509974973712,67.9629680167611,100.7065220082652
121.81206316073643,15.929412467107575,42.258524372156
21.774887022734458,69.00991504489359,89.21519793237196
34.485405437428206,73.97040313682636,71.54419142574542
115.78532579553776,27.745574171511223,36.46910003295102
100.4504533460194,34.025656596564936,45.52389005741567
100.03717613800193,58.16476575322371,21.798058108774327
87.3266577233082,70.37686036552168,22.296481911170137
6.026737365198695,167.49512119886995,6.478141435931338
21.36160981471702,138.4418710657995,20.196519119483504
12.710518414693766,103.77891723743029,63.51056434787596
94.01043877280328,38.32284178180078,47.66671944539593
78.67556632328495,44.600361974929,56.72407170178605
81.29992035810953,40.86921454664881,57.83086509524165
65.9650479085912,45.90944375266774,68.12550833874107
15.334872449518324,82.59619317297734,82.06893437750433
53.08050257778597,15.906241381067694,111.01325604114635
58.04099066971879,28.118335993365697,93.84067333691553
11.816161704403639,125.23659682671402,42.947241468882346
18.09624412945732,96.18334669364347,65.72040917689921
4.96048809193269,167.00588483019794,8.033627077869332
41.26434087338233,127.53803971417275,11.197619412444896
34.984258448328674,133.81555990730095,11.2001816443704
46.22482896531515,112.41340597239422,21.361765062290623
39.94474654026148,117.45363517841314,22.6016182813254
6.2800824250536325,46.12709314002628,127.59282443492003
12.21209461229798,81.98085912865598,85.80704625904605
109.3303554456463,16.524783673026427,54.144860881327254
80.27710531257577,22.802303866154645,76.92059082126956
97.11826083334833,18.572732635478697,64.30900653117297
68.06501070027781,23.612961841497608,88.32202745822458
29.053250133070502,89.07433460890867,61.87241525802082
65.45607545562953,104.37977889452475,10.164145649845754
59.1785552625013,109.42000810054367,11.401436636955072
6.277520193128278,34.9294737275814,138.79300607929036
5.0402292060188865,24.765328077735674,150.19444271624542
