144.47681646005972,11.319507021037943,24.203676518902387
140.24042166100085,14.539348153611282,25.220230185387855
109.11435457299069,18.99301158932871,51.89263383768061
30.49340134341966,32.67172724920317,116.83487140737718
132.66453423251872,22.687574053538828,24.64789171394243
150.64295820325955,18.402688438274946,10.954353358465548
149.15607562046455,20.088953917857125,10.754970461678301
36.62353069464309,96.2155210053807,47.16094829997622
85.09144934040908,50.49409169809755,44.414458961493345
109.25456643428865,40.45830272263159,30.287130843079762
133.74860986738236,31.09679237916858,15.154597753449087
118.11494095444813,39.27580163385733,22.609257411694553
114.82302535586886,41.976926802016166,23.20004784211494
77.07891343900472,67.99437583078875,34.92671073020652
140.80950685816177,30.448222485729275,8.742270656108923
74.44735260490975,71.52393249410098,34.02871490098928
124.68964327230522,43.02829899525167,12.28205773244316
4.236394799058935,158.19859051364807,17.565014687293097
35.36246188706905,59.42077312751098,85.21676498541999
113.98341511664006,37.3350394096951,28.681545473664844
11.812282227540985,156.06463970687608,12.123078065582911
6.166141743199792,171.34971679369616,2.4841414631040264
4.679259160404896,173.67999704096172,1.6407437986334392
107.85328576541664,55.27471194515277,16.872002289430597
59.38536711965063,94.98108193530841,25.633550945040955
35.22225002577111,127.64160091124631,17.136149062982607
10.728206592677372,165.8835384822644,3.3882549250581717
26.36187550561162,143.7353169514008,9.902807542987645
29.653791104190795,139.87598621246224,10.470222683347018
67.397903021055,95.48755706009128,17.114539918853737
3.6673096018973266,175.71846376493022,0.6142266331719761
70.02946385515001,93.59582604953476,16.374710095315237
19.787173187754455,156.8488299427398,3.36399686950588
31.12606708801021,42.283437330884915,106.59049558110486
109.74702031758123,35.65990889517111,34.59307078724765
7.575887428482129,159.5858100764342,12.83830249508367
10.402536542258613,163.98128006647886,5.616183391262552
8.915653959463581,166.93480846380186,4.149537576734626
103.6168909663578,55.418412146699865,20.964696886942328
55.148972320591795,92.58409012140754,32.26693755800069
30.985855226712264,127.8027135336322,21.211431239655564
6.491811793618389,170.76505159563885,2.7431366107425355
22.125480706552768,146.4782616579751,11.396257635472166
25.417396305132,142.3424218946753,12.24018180019273
63.16150822199615,95.61054276928208,21.227949008721776
0.569085197158641,179.30877285096423,0.12214195187920514
65.79306905609117,93.91451178366012,20.292419160248734
15.550778388695525,161.02542403938202,3.423797571922387
78.62095322957103,63.61219738204333,37.76684938838566
23.55017965952805,139.60149381769207,16.848326522779875
41.52860363026884,127.00307703627196,11.468319333459165
40.0417210474739,130.05396164386488,9.904317308661264
72.49082387834754,89.74631213152257,17.76286399012986
24.022905232581554,142.89644126770645,13.080653499712001
0.14021186130045665,179.79336037965734,0.06642775905256679
24.634255294391618,149.2145492600916,6.151195445516691
9.00058638145744,168.00779096928008,2.9916226492625113
5.708670782878145,172.45925431359012,1.8320749035320243
32.035441133985906,138.15385153197641,9.81070733403772
31.695152285171023,144.13715101413877,4.167696700690291
34.667001968080946,135.48075707156636,9.852240960352699
15.575288699314557,162.1608807163374,2.2638305843480513
102.17113288909907,48.49620024069258,29.332666870208346
120.14955685983989,44.94385826340936,14.906584876750765
118.6626742770449,47.34821675208745,13.989108970867665
6.130129351223329,168.97416497745317,4.895705671323448
54.598047996989465,92.1475854282985,33.254366574712044
78.76116509086899,74.32157402325602,26.917260885875006
103.25520852396266,61.182178577096686,15.562612898940655
87.62153961102847,71.9350822142158,20.443378174755736
84.32962401244924,75.49065284347871,20.179723144072064
46.58551209558506,113.35669688311788,20.05779102129709
110.31610551474212,60.58942656701864,9.09446791823923
43.95395126149008,117.60614224669717,18.439906491812742
94.19624192888554,75.29298309439467,10.510774976719812
17.978423970740803,141.95772581399015,20.063850215269053
16.491541387945816,148.11846844079867,15.389990171255512
96.04100353787564,51.62713649851842,32.33185996360596
47.57308489210964,77.45497038315254,54.97194472473784
23.409967798230117,116.58915010551137,40.000882096258536
1.0840756348632832,177.9620629245511,0.9538614405853172
14.549593278070628,148.26959045797443,17.180816263954956
17.841508876649836,143.03888115322826,19.11960997012192
55.58562079351402,89.58715955180526,34.827219654680746
8.144972625643017,168.7539649021009,3.1010624722560522
58.217181627609,88.72038916319416,33.06242920919684
7.974890960213411,168.8205347846703,3.204574255116335
1.486882582795039,165.03644754680917,13.476669870395892
114.01942750861642,29.22865410178727,36.75191838959632
65.55150886285041,39.78963637447388,74.65885476267569
41.3883917689709,50.71012266055981,87.90148557046929
16.894348335877186,111.7521013876579,51.35355027646492
32.52801724881141,72.86701018230352,74.60497256888509
35.81993284739064,74.01455761804232,70.16550953456706
73.5640447642548,52.23882878726011,54.19712644848509
9.833451345097801,160.67631551678545,9.490233138116846
76.19560559834979,52.632618325518294,51.17177607613191
25.95331493095431,131.06011656568117,22.986568503364552
112.53254492582145,27.94941738518491,39.51803768899363
64.06462628005545,36.12307248243427,79.81230123751028
39.90150918617592,44.03602994502395,96.06246086880014
15.407465753082212,96.95437483853563,67.63815940838217
31.041134666016436,63.15439501751272,85.80447031647086
34.33305026459566,65.38820427765566,80.2787454577487
72.07716218145983,48.93897434004276,58.98386347849742
8.346568762302832,161.63877799253007,10.014653245167203
74.70872301555482,49.55366525036155,55.73761173408365
24.46643234815934,129.08433323673907,26.44923441510163
48.467918645766,52.87372202208807,78.65835933214593
72.63103573964553,51.646585502953336,55.72237875740115
97.12507917273925,50.76611880963803,32.10880201762275
81.49141025980504,55.671540715567396,42.837049024627575
78.1994946612258,58.74827416810591,43.05223117066831
40.45538274436163,83.29485994352375,56.249757312114646
104.18597616351862,56.09138796296366,19.72263587351772
37.82382191026664,89.06424893249324,53.111929157240134
88.06611257766211,68.73768613506786,23.19620128727003
24.163117093879542,97.72408122410104,58.11280168201944
48.65716052697324,97.7769386672169,33.565900805809875
33.023491614039024,107.22213512659826,39.75437325936271
29.73157601545978,113.82565830591058,36.442765678629634
8.012535901404318,155.75061167529452,16.236852423301134
55.718057517752634,105.72250358914253,18.55943889310485
10.6440967354994,150.9335248186286,18.42237844587203
39.59819393189611,123.80851641654037,16.59328965156356
24.494043433093694,121.969151344955,33.53680522195132
8.860374520159512,143.30894925984308,27.83067621999743
5.568458921580336,157.77236676614544,16.659174312274303
32.17565299528391,95.56661441913386,52.25773258558225
31.55494042387312,131.69915115480558,16.74590842132133
34.80721382937891,96.19253549051196,49.00025068010915
15.435076838016554,154.69169563037178,9.873227531611702
15.633668912934182,48.69575200414448,115.67057908292132
18.925584511513446,56.12701068241423,104.94740480607234
56.66969642837762,51.25154784426679,72.0787557273556
7.060896990779435,162.91185811308566,10.027244896135006
59.3012572624726,52.695185742636774,68.00355699489063
9.058966595077107,157.03813906669768,13.902894338225273
3.2919155985793194,116.36187550561168,60.346208895809106
41.03602751544341,68.20340050198291,70.7605719825737
22.694565903713624,138.0133607294836,19.292073366802775
43.6675883495384,70.2274538746346,66.104957775827
6.574702317857148,166.5855162572192,6.839781424923824
37.74411191686418,67.17290492466717,75.08298315846866
25.986481502292822,131.64908480533887,22.364433692368298
40.37567275095916,69.67752688988385,69.94680035915701
9.866617916436297,159.40181268587799,10.731569397685739
63.73059341915702,87.24799576150932,29.02141081933367
2.6315608340951266,133.43541404647672,43.933025119428265
47.61072983330048,102.91207711079888,29.477193055900646
66.36215425325202,30.323018582295305,83.31482716445271
16.119863585856518,74.16750608551703,89.71263032862646
50.242290667395494,98.22878343002317,31.528925902581346
3.2198411325733756,133.99491399474573,42.78524487268086
7.673504568290845,35.217096608608635,137.10939882310055
21.35222022816529,13.131362890792701,145.51641688104203
11.368067032500948,131.8609631879737,36.77096977952536
7.083181417237015,164.44660668740144,8.470211895361519
8.769446896819256,162.11632644013585,9.114226663044885
84.89601398434279,31.071035426250404,64.03295058940682
39.174584677059656,70.77740541640603,70.04800990653432
29.138795701593697,103.43792439234394,47.42327990606236
19.77728535813068,141.67986196336207,18.542852678507234
27.95629461281944,119.53164043249843,32.51206495468217
30.657419780978266,115.67230969355982,33.67027052546192
56.67486880975086,71.28388054118889,52.04125064906026
19.128715464691314,151.5147872460271,9.356497289281625
60.2044254730631,69.39214953063241,50.40342499630451
31.708791974213767,132.64515342383734,15.646054601948896
4.453663435717377,17.063207145497195,158.48312941878535
18.1323790955919,10.4396787097833,151.4279421946248
8.148225899927514,134.36557989104642,37.486194209026074
3.863340284663602,170.79848974813336,5.338169967203084
5.549605764245819,167.84496135081054,6.605432884943587
81.6761728517694,30.198181961312066,68.12564518691855
35.95474354448625,67.36385993601972,76.68139651949402
25.9189545690203,102.5824833482444,51.49856208273531
16.55744422555726,145.54482141025093,17.897734364191802
24.736453480246013,121.25803147258726,34.005515047166725
27.43757864840486,117.12219170928746,35.44022964230766
53.45502767717745,70.39031258389427,56.154659738928295
15.9088743321179,155.47099696365052,8.620128704231506
56.98458434048968,68.69428159827231,54.32113406123801
28.488950841640335,135.80519385399404,15.705855304365622
13.678715659874463,11.719563544362709,154.60172079576284
3.6945624642100996,168.50587234462722,7.7995651911626345
0.5903231510547478,178.89571087395257,0.5139659749938983
1.09594232852813,178.0534045184539,0.8506531530173698
77.22250941605195,37.85367829384195,64.92381229010611
31.50108010876883,91.0038074300258,57.49511246120537
21.465291133302856,128.31400578266107,30.22070308403607
12.103780789839872,158.89281690222785,9.003402307932252
20.282790044528618,140.09957519303933,19.617634762432083
22.983915212687457,135.6481118487294,21.36797293858314
49.001364241460024,86.26121769429574,44.73741806424423
11.455210896400501,163.97021514818073,4.5745739554187965
52.53092090477227,83.58812323388577,43.88095586134198
24.03528740592296,145.94648544598192,10.018227148095137
9.984153195664371,165.3310716480698,4.684775156265829
14.269038810928334,161.77872967078648,3.9522315182853203
12.58277333134604,164.18308815946463,3.234138509189351
63.543793756177486,74.1909636151698,42.26524262865273
17.822364448894405,151.01754316432428,11.160092386781278
7.786575473428246,168.84355456936697,3.3698699572046578
1.5749348700338999,178.0170499844744,0.4080151454913157
6.604074384654079,171.23004637840705,2.165879236938613
9.305199552813093,167.67447574914405,3.020324698043019
35.322648581585575,129.80843170950502,14.868919708909448
2.2235047634740344,177.42429797439578,0.35219726212965896
38.85220524489778,125.55898634592566,15.588808409176558
10.35657174604844,167.87214549822818,1.7712827557233668
4.284885615263919,166.60561752793257,9.109496856803545
2.5986201356815304,172.76636015474108,4.635019709577182
73.52794695184187,26.979244784575968,79.49280826358219
27.806517644558724,52.807078669210085,99.3864036862312
17.77072866909276,91.94125839156895,70.28801293933829
8.409218325629727,157.39004536150634,14.200736312863913
16.588227580318495,123.62169874403199,39.79007367564952
19.28935274847732,118.39098943928578,42.31965781223688
45.30680177724993,64.93926783786281,69.75393038488727
7.760648432190401,166.5981433839568,5.641208183852848
48.83635844056216,64.07249744925171,67.09114411018612
20.34072494171281,144.1726430707277,15.486631987559477
1.6862654795821912,154.0820941883436,24.23164033207418
77.81283256710572,18.274300743321703,83.91286668957255
32.09140325982262,28.835283016008344,119.07331372416904
22.05561428435667,39.7557693020943,118.18861641354906
12.694103940893672,100.79774802919235,66.50814802991401
20.8731131955824,61.912656823838,97.21422998057963
23.574238363741223,63.06020425957676,93.365557376682
49.59168739251382,41.28447542879457,89.12383717869162
12.045534047454332,149.72196215831988,18.232503794225774
53.12124405582604,41.67826496705276,85.2004909771212
24.62561055697672,120.1057632072156,35.26862623580767
76.12656708752354,17.1944469235066,86.67898598896986
30.405137780240423,25.368102020755938,124.22676019900366
20.369348804774464,33.28105948334564,126.34959171187988
11.007838461311449,86.1994043768573,82.79275716183126
19.186847716000198,52.39942455583441,108.4137277281654
21.887972884159005,54.633233815977334,103.47879329986364
47.90542191293163,38.18400387836445,93.91057420870393
10.359268567872128,150.88380753085173,18.756923901276163
51.43497857624385,38.79869478868322,89.76632663507293
22.93934507739451,118.32936277506073,38.73129214754477
45.72142930728312,100.03467032206429,34.24390037065261
55.75721828274906,98.80753380292957,25.435247914321366
65.1187286262121,97.92706710961426,16.954204264173654
56.93971937152336,102.83248901554363,20.22779161293302
54.238594203364535,105.9092224680821,19.85218332855337
28.221145174591936,130.4558082435,21.323046581908105
65.76729851965136,103.25233626293992,10.980365217408739
24.691588511279704,136.22519723246947,19.083214256250834
53.187222010129034,115.89863443504406,10.914143554826927
10.035788975465938,142.13854018559448,27.825670838939597
19.397299318928944,142.19139762871023,18.411303052360793
11.218290064240227,151.6365940880916,17.145115847668155
8.517164896081393,158.24011726740392,13.242717836514677
17.5002841326912,111.33615271380121,51.16356315350762
20.04586921236826,150.13696255063593,9.817168236995888
21.02984079600342,106.51906585713527,52.451093346861306
7.4657927028459135,168.22297537803368,4.31123191912044
9.361510343463035,152.25628218803473,18.382207468502255
1.1825010887745278,173.59608010292257,5.221418808303038
1.5186240793847174,171.9405023907745,6.540873529840921
27.536073108157144,65.27948357605408,87.18444331578877
10.010080236902311,161.98628199788538,8.003637765212254
31.06562977146938,65.90540464743218,83.02896558109843
2.5699962726201933,175.02117352654855,2.4088302008313462
8.179009254688655,33.54115425069539,138.2798364946159
10.880134422847544,40.97241292896512,128.14745264818728
36.897583451620186,36.09695009081771,107.00546645756212
0.6485698934395834,178.06645586653568,1.2849742400253112
40.4271401149324,37.540587989187685,102.0322718958799
11.931506616083071,141.88354131324854,26.184952070668416
2.7011251681587045,93.752618093917,83.5462567379242
28.718574196931453,45.59414309028836,105.68728271278022
8.82757914812804,160.62261814117818,10.549802710693802
32.248130860243656,47.61819646294005,100.13367267681629
3.752497361394338,170.8052263310863,5.442276307519371
26.017449028772585,43.9728570825522,110.00969388867517
11.528704316286868,154.84913264745387,13.622163036259252
29.54700569208481,46.47747904776891,103.97551526014627
1.0513721932353604,177.39813947200702,1.5504883347575469
37.54615334505948,122.17470649171585,20.279140163224685
3.5295566633123094,98.50870331627026,77.96174002041752
24.966076835537116,137.8387878410054,17.19513532345751
41.07571000837169,21.580747926186334,117.343542065442
12.58007650952242,65.42523542940802,101.99468806106961
28.49563349884935,132.25749833101244,19.24686817013825
98.7778173861372,59.8484520181779,21.3737305956849
120.86355110395318,53.22492358246404,5.911525313582763
2.1339508067721473,177.15082476372714,0.7152244295009813
30.451692692655683,146.4162653791858,3.132041928158426
28.121412445389915,149.36979377650889,2.5087937781012655
102.92387856849543,72.98342683399285,4.092694597511757
63.21750857833974,110.14910480870056,6.633386612959717
30.55698960240185,145.3677282209252,4.075282176672965
7.6849479686158375,171.6699337170688,0.6451183143151487
14.463273562247274,164.04327634526817,1.4934500924846252
18.322604301186015,159.90743658196826,1.7699591168459168
62.71103345355687,113.17555745657509,4.1134090898679085
17.519873251281574,161.74375816366833,0.7363685850500521
64.6027644641134,111.47952647095309,3.917709064933456
1.3497605709033762,178.5904387266801,0.05980070241478817
22.085733717815984,148.8289623674632,9.085303914720809
96.64386657936511,54.3847288322721,28.971404588362784
129.22951007879286,41.786312050851976,8.98417787035515
126.89922983152726,44.83719665844491,8.263573510027888
4.14606118235777,174.96307711694317,0.8908617006993776
35.5603088077974,131.88679374687365,12.552897445328929
68.22082778373532,94.57659539423838,17.202576822026288
106.46276535475343,63.99778427467162,9.53945037057497
84.3145438238898,82.79102598386012,12.894430192250095
80.4552130849512,87.24248932817002,12.302297586878785
36.06678393258023,136.62938348260377,7.303832584815933
116.29769063741847,58.9203860287187,4.78192333386283
34.17505292202377,139.30247794301374,6.522469134962582
97.42805681522877,76.94411573091743,5.627827453853825
118.729600297181,19.814654767027747,41.45574493579124
151.3152437966088,16.262312789744488,12.42244341364671
148.98496354934315,18.666671278422605,12.348365172234272
17.939672535457674,140.29261950378827,21.767707960754063
57.646042525613325,63.46603995463367,58.88791751975301
90.30656150155122,45.640028549591186,44.053409948857606
128.54849907256934,32.50063310343182,18.950867823998813
106.4002775417057,43.25353674055095,30.346185717743346
102.54094680276711,46.809107369813866,30.649945827419035
58.15251765039617,84.67515140945302,37.172330940150815
138.38342435523438,31.907881093353744,9.708694551411904
56.260786639839694,88.92459677303236,34.81461658712797
119.51379053304463,46.611437620729816,13.87477184622554
32.58564349942772,129.8346477484072,17.579708752165065
30.255363252162155,135.99539037521575,13.749246372622132
100.78992776172332,63.750214564101334,15.459857674175366
61.083557771567676,89.57804844873546,29.33839377969687
28.423038795629786,128.7122281710943,22.864733033275918
9.818898775388364,165.8389848589683,4.342116365643396
12.329322755475319,160.39266852355735,7.278008720967357
16.18865349441389,155.16195921881115,8.649387286774997
60.577082646784824,101.71023761738817,17.712679735827017
19.65382405805344,156.63088683651782,3.7152891054287163
62.468813657341286,100.8434672287771,16.68771911388164
0.7841902358621359,179.056387149748,0.15942261438647656
2.3302802472657174,162.5523060837052,15.11741366902922
133.375571261151,26.74451263868326,19.87991610016573
93.6692012709954,37.305494911369884,49.02530381763472
61.00868229505751,48.22598119745581,70.7653365074867
22.766744724039373,109.26795992455388,47.965295351406745
44.914966254903014,70.38286871919951,64.70216502589749
48.77429699384162,71.5304161549383,59.69528685122008
93.16272614621255,49.754687324156095,37.08258652963135
12.93181944137443,158.19217405368133,8.876006504944218
95.05445715676902,50.1484768624143,34.79706598081669
31.801453263564095,128.57597510257713,19.622571633858758
131.04529101388545,26.308673586551503,22.646035399563022
91.33892102372984,34.482328683800844,54.17875029246931
58.678402047791934,42.39528614639055,78.92631180581753
20.436464476773793,95.31363103990222,64.249904483324
42.58468600763744,61.51365121887931,75.90166277348325
46.44401674657604,63.74746047902226,69.80852277440172
90.83244589894696,47.29823054140937,41.869323559643675
10.601539194108893,159.99803419389656,9.400426611994568
92.72417690950344,47.91292145172814,39.362901638768435
29.471173016298522,127.44358943810563,23.085237545595838
39.70636999015563,36.00171973265746,104.29191027718691
72.36688896609354,34.774583213522725,72.85852782038376
110.60882653711167,33.89411652020741,35.49705694268092
88.46060500624803,38.79953842613679,52.7398565676152
84.60127426730944,41.8762718786753,53.52245385401528
40.21284511493849,66.42285765409315,73.36429723096836
120.44375181977661,39.21938567353305,20.33686250669037
38.32111410438201,72.19224664306265,69.48663925255535
101.57411799758695,51.86568384563725,26.560198156775794
32.66051897593792,72.09053027906006,75.24895074500205
70.90245654695605,72.14338772217592,36.95415573086804
48.754235016092395,81.5885841815573,49.65718080235031
44.89490427715379,88.19210736086961,46.9129883619766
0.506475124783427,178.61583737966407,0.8776874955527506
80.73738182962101,80.08895264410152,19.17366552627745
1.3852558857734085,176.56707576366966,2.047668350556929
61.867748007431324,98.17496547149938,19.957286521069307
38.241937571018134,104.83300228197238,36.92506014700949
16.093716040154504,126.17280019686048,37.73348376298504
12.234385301215923,140.6362177031628,27.129396995621313
32.15404385115504,112.70276348211644,35.14319266672851
48.07686285368312,114.56300209182294,17.36013505449394
34.04577486171152,113.32868455349458,32.62554058479393
29.2072290314934,137.55554656738914,13.23722440111746
22.148221530863655,52.084006929202644,105.76777153993372
26.007552269802254,59.5152656074724,94.47718212272535
70.3959814221732,54.63980276932496,54.96421580850187
9.834925282664967,159.52360318802738,10.641471529307626
72.28771243272966,56.08344066769495,51.62884689957541
9.034708539524727,160.42639399175576,10.538897468719522
3.859330738938775,126.26468304859921,49.875986212462195
48.247759891309535,78.10620804497051,53.64603206371995
31.983146813528624,128.11055318649596,19.906299999975406
50.13949090186602,80.13026141762222,49.730247680511795
13.113512991338924,156.68270871423155,10.203778294429522
44.38842915237093,77.64312760801414,57.968443239614935
35.842477552467216,121.17886212199188,22.978660325540915
46.280160162927416,80.14774957323083,53.57209026384178
16.97284373027754,148.93159000253098,14.095566267191494
80.23090670483815,70.13345584265556,29.635637452506288
1.8917310105564145,150.5499539653307,27.55831502411283
61.36127288264844,85.79753719194512,32.84118992540642
82.12263771539462,30.93724521546793,66.94011706913746
18.869633822189652,74.78173271868965,86.34863345912066
63.25300389320494,81.85407333470793,34.89292277208713
6.623528435713809,170.20269296314808,3.173778601138136
117.30237274554926,33.01099823658723,29.686629017863538
153.73528260263623,20.412581455167082,5.852135942196695
150.7817542053135,23.463466062759938,5.754779731926582
13.134974815814772,163.6631922873728,3.2018328968124794
50.300652790522605,110.51306315118873,19.186284058288685
85.51927620274725,73.20286479855349,21.277858998699266
128.4816142647538,42.62405367898669,8.894332056259522
104.19482432709013,61.41729538817521,14.387880284734646
100.05898456379035,65.86875873248513,14.072256703724529
53.32710543839713,115.25565288691881,11.417241674684083
138.4077898181534,37.546655433033855,4.045554748812789
51.63107445277517,117.92874734732881,10.440178199896058
118.74198670849701,55.57038513523248,5.6876281562705175
123.92590118126304,13.903129453444915,42.17096936529201
160.35881103835013,10.35078747616173,9.290401485488209
157.4052826410272,12.755145964839807,9.839571394132978
19.758503251528776,134.38109419020546,25.860402558265836
56.92418122623643,57.55451464105085,65.52130413271273
92.14280463846106,39.72850323600838,48.12869212553057
135.1051427004676,26.589107789849013,18.30574950968342
110.81835276280393,37.34201142696815,31.839635810227925
106.68251299950417,40.89758205623106,32.4199049442648
59.95063387411095,78.7636260958702,41.28574003001885
145.03131825386723,25.99635577977096,8.972325966361819
58.254602888488996,83.01307145944955,38.73232565206146
125.36551514421075,40.69991230714699,13.934572548642258
36.43290985708696,129.11942331890648,14.447666824006536
33.47938145976415,135.28016594571497,11.240452594520896
104.1673979297343,64.46543899360206,11.36716307666363
67.00171995502666,90.2932728782362,22.70500716673717
31.783096542802003,129.42745260059502,18.78945085660295
11.179241519204588,165.12376042946747,3.69699805132797
13.107548418459164,161.10789295305807,5.784558628482728
17.24338818175889,155.8771836483119,6.879428169929211
63.97526730715214,102.4254620468889,13.599270645958983
21.105417072604176,155.9156624070171,2.9789205203787237
65.67129829277403,101.55869165827785,12.770010048948134
1.4396139629483038,178.34116272024556,0.21922331680763255
2.953528397322961,159.4202641555465,17.626207447130653
140.60030778682125,23.61247071052476,15.78722150265403
103.43462981211363,34.173452983211355,42.391917204674996
68.216006399889,45.093939269297294,66.69005433081372
25.253668337882445,106.13591799639535,48.6104136657222
49.5404582755461,67.25082679104099,63.20871493341289
53.676298038845886,68.39837422677978,57.92532773437433
100.4081771642391,46.62264539599759,32.96917743976331
15.327492784482871,155.0601321255229,9.61237508999425
102.10420814986102,47.016434934255784,30.879356915883186
34.99329589413934,125.4439331744186,19.562770931442042
137.64677938949845,23.799879808450285,18.55334080205132
100.48110141479077,31.97353490569963,47.54536367950961
65.26247800256614,39.88649236828933,74.85102962914455
22.300139940559582,92.804837261801,64.89502279763943
46.58692987822325,59.00485744077811,74.40821268099867
50.72276964152302,61.23866670092104,68.03856365755595
97.45464876691624,44.78943676330814,37.75591446977565
12.373964387159972,157.48924041579545,10.13679519704459
99.15067975253818,45.4041276736269,35.445192573834916
32.03976749681648,124.9347956600044,23.025436843179143
37.16567797470767,31.909025135145743,110.92529689014661
72.3843013869323,30.681888616010987,76.93380999705673
115.34663944893884,29.801421922695706,34.851938628365474
91.05984951127517,34.70684382862507,54.23330666009977
86.9240097479754,37.78357728116357,55.29241297086104
40.19213062258218,62.330163056581405,77.47770632083642
125.2728150023384,35.126691076021324,19.60049392164029
38.496099636960246,68.09955204555091,73.40434831748887
105.60701189268198,47.772989248125505,26.619998859192506
35.21862341222464,65.45714366610036,79.32423292167499
78.1809614742312,65.5100011092162,36.309037416552606
53.89417153656752,74.9551975685976,51.15063089483489
49.75833177326775,81.5587207479099,48.682947478822356
3.0264526478746427,171.9824507667047,4.991096585420723
88.10713702763077,73.45556603114184,18.4372969412274
1.3304216622529,176.7995376233711,1.8700407143764202
68.4413339179743,91.54157885853964,20.017087223486055
42.96233806200654,100.7577201052994,36.27994183269406
18.675548124342892,122.09751802018751,39.226933855469625
14.539708361043084,136.56093552648986,28.899356112467075
32.19217076435012,116.77804565878941,31.029783576860495
52.88851361540613,110.48771991515,16.6237664694439
33.888201749972055,117.40396673016755,28.707831519860434
33.222710505749696,133.48026439071614,13.297025103534194
24.286789937663666,51.43888861488721,104.27432144744914
28.422629700963437,58.870147293156975,92.7072230058796
75.15450882635666,53.994684455009505,50.85080671863383
9.926175553399549,160.16872150234292,9.90510294425752
76.85053981197859,55.43832235337952,47.7111378346419
9.73962755625692,159.7812756774403,10.479096766302867
4.135839763299741,127.75813314108385,48.10602709561638
50.867718888693,79.59965813745508,49.532622973851915
34.212965491063265,126.6171030940114,19.169931414925358
52.56374987431494,81.62371151010679,45.81253861557828
14.547162381406826,155.18925862174692,10.263578996846283
46.73187912539321,79.41308672485988,53.85503414974689
38.34880525436302,119.40890300514616,22.242291740490852
48.42791011101515,81.9177086900766,49.654381198908276
18.68300214470657,147.16163088568518,14.155366969608247
85.08068437975625,66.02004675278754,28.89926886745623
1.6960309856219649,154.66336305519891,23.640605959179155
65.41488127009978,81.68412810207708,32.90099062782316
86.77671536537818,30.20087663041786,63.02240800420396
19.665803109656462,74.04536413363955,86.28883275670397
67.11091225572174,77.93636426977442,34.95272347450385
156.7863088002645,10.729350852306974,12.484340347428466
169.38472558168482,7.177008875023686,3.4382655432914953
166.33384097409171,9.581367363701876,4.084791662206457
26.134114749479252,131.2073155890674,22.65856966145339
79.2842438856631,54.38073603991285,46.335020074424065
116.59444223829831,36.5547246348704,26.850833126831326
147.1732533578651,23.41532918871103,9.411417453423896
128.3800116486766,34.16823282583016,17.451755525493255
123.9285483043667,37.72380345509305,18.347648240540266
74.54165414993302,75.5898474947322,29.868498355334783
152.25065160381803,22.822577178632937,4.926771217548954
71.86855968952302,79.83929285831155,28.292147452165427
134.2269219016192,37.526133706009055,8.246944392371748
12.59841678142013,158.80605233677002,8.595530881809859
9.547532173827172,164.96679496357856,5.485672862594332
130.6521940507854,34.77880997573849,14.568995973476063
77.50206491460152,60.60664386037265,41.89129122502584
40.19186656196628,99.74082358273151,40.06730985530223
9.613055442399554,165.18961055266885,5.197334004931683
28.406297151588017,131.42126393519456,20.172438913217448
32.85776049589791,126.19055463044837,20.951684873653733
82.2446546503316,72.73883302902537,25.016512320643034
4.535657196446865,174.39770857511914,1.0666342284344086
84.91774911074155,71.8720626404143,23.210188248844158
22.559386898645286,151.9722082618904,5.468404839464359
3.050884607593105,153.56812821335004,23.380987179057048
143.25061083220547,17.760334768328104,18.989054399466458
90.10048169602163,28.321317041014687,61.57820126296368
52.79028334338641,39.24180332710062,87.96791332951298
22.2114722238196,100.28378205419868,57.50474572198172
41.004713933008134,61.39869084884433,77.59659521814756
45.456177277318034,62.546238284583104,71.99758443809887
94.84307143175171,40.77050945380091,44.386419114447385
17.134073977866755,149.2079961833262,13.657929838807066
97.51616589216168,41.1642989920591,41.319535115779225
35.15780368006548,119.59179723222196,25.250399087712555
140.19972622461256,18.045100076523696,21.755173698863754
87.0495970884287,26.218755173773026,66.7316477377983
49.73939873579345,34.13171263636272,96.12888862784384
19.160587616226664,87.05005752987437,73.78935485389898
37.95382932541519,53.25007770885149,88.79609296573334
42.405292669725085,55.48388696899443,82.1108203612805
91.79218682415876,39.03465703138154,49.173156144459725
14.08318937027383,151.73446068386878,14.18234994585739
94.46528128456875,39.64934794170031,45.88537077373095
32.106919072472536,119.18001592807782,28.71306499944964
53.15012913618388,35.11085803195821,91.73901283185792
90.4603274888191,33.88372151282348,55.65595099835744
121.03913860838591,33.003254819508136,25.957606572105956
102.24589689919738,37.908676725437516,39.84542637536511
97.79443355488748,40.98541017797602,41.22015626713651
48.407539400453814,65.53199595339387,66.06046464615233
126.11653685433873,38.32852397283378,15.554939172827515
45.73444494004381,71.30138494236337,62.96417011759282
108.09280715214001,50.97482214493799,20.932370702922025
37.31019835263524,84.64342772438904,58.04637392297575
67.88900947220205,84.69628516750487,27.414705360293084
49.09576776301351,94.14148162688626,36.762750610100234
44.644304418703605,100.74500480619858,34.61069077509783
4.742589735730201,168.83126517500642,6.426145089263456
72.96640771815488,92.6418500894305,14.391742192414638
7.415684196140079,164.0141783183406,8.570137485519316
54.94267801595613,110.72786291682834,14.329459067215518
30.578811119566808,122.03557910399866,27.38560977643453
11.785569410378299,143.37537701888678,24.83905357073495
7.334106066068427,157.8387945251891,14.827099408742534
42.05278808836532,95.50018666009012,42.44702525154456
35.65620936551965,131.76557891384925,12.578211720631131
44.72588254877529,96.12610773146827,39.14800971975646
17.63247966332089,154.75812338941546,7.609396947263631
18.79324170918851,42.544556558627704,118.66220173218379
23.244705053498418,49.97581523689745,106.77947970960413
72.63159920793213,45.10035239875,62.2680483933179
5.077398245952886,169.06305355860246,5.859548195444745
75.30469366834208,46.54399029711998,58.15131603453792
12.94633145624586,150.88694362118088,16.166724922573298
4.451463344309965,113.37025285634913,62.178283799340974
53.83835749874358,65.21177785272043,60.949864648535986
23.870639955141378,141.00498337874603,15.124376666112589
56.51145195915356,67.23583122537212,56.252716815474315
5.846910252942623,169.57713890648176,4.57595084057571
49.386894154433676,65.34083002113535,65.27227582443096
28.32210329945128,133.48115970887068,18.19673699167808
52.05998861484366,67.84545198635205,60.09455939880429
10.298373597252507,161.23388758940982,8.467738813337652
77.70899745388495,77.4372884274716,24.853714118643463
2.6730944604099007,143.24612138051467,34.08078415907537
59.685267751686204,93.10136977676119,27.213362471552614
80.38209191429492,26.155321881605097,73.46258620409999
18.02372970219874,69.99980938482682,91.97646091297447
62.3583622120962,88.37654246967048,29.265095318233318
3.5523419772830476,171.29039268419874,5.157265338518185
1.1479834886048832,177.45113531100714,1.400881200387642
120.47796473676051,22.294469628310058,37.22756563492947
43.651385187605925,48.12230351294421,88.22631129944988
25.825373782563442,87.25648323530302,66.91814298213352
12.685978336404107,152.70527020524042,14.608751458355519
23.438881973523195,118.9369235877661,37.6241944387107
26.994452602786126,113.70621428301992,39.29933311419398
64.86049664242526,60.25449268159691,54.88501067597783
12.093226326325992,161.9133682276909,5.993405445983055
69.1099420060046,59.38772229298582,51.50233570100958
26.796782853702066,139.48786791446182,13.715349231836111
2.404358488678057,150.1298626700583,27.46577884126363
124.03030671404365,14.3220692250365,41.647624060919846
47.20372716488911,24.88305149772313,107.91322133738777
29.377715759846648,35.80353778380905,114.81874645634431
16.2383203136873,96.8455165109071,66.91616317540563
26.991223950806425,57.96042530555277,95.04835074364082
30.54679458006931,59.10797274129155,90.34523267863914
68.41283861970848,37.332243910509355,74.25491746978217
15.645568303609247,145.76973064003465,18.584701056356067
72.6622839832878,37.72603344876754,69.61168256794465
30.349124830985293,116.1535316889304,33.497343480084325
121.6259482253656,13.960308414317264,44.41374336031713
44.79936867621106,22.13396351156661,113.06666781222233
26.97335727116858,30.046920974156297,122.97972175467514
13.833961825009167,82.96526586766795,83.20077230732285
24.586865462128337,49.165286046645065,106.24784849122659
28.14243609139125,51.39909530678801,100.45846860182075
66.0084801310304,34.9498653691751,79.04165449979449
13.241209814931173,147.6496690216624,19.109121163406414
70.25792549460974,35.56455627949389,74.17751822589638
27.944766342307197,115.09522426587141,36.96000939182141
76.82657954915454,57.769427693411586,45.40399275743388
94.65259095419702,56.54229117427684,28.805117871526143
107.79198640035642,55.66182448096151,16.546189118682086
97.03908276323726,60.567246386890886,22.39367084987185
93.48351213397436,63.64397983942941,22.872508026596268
55.6174680943352,88.19056561484726,36.191966290817554
108.38473841043434,60.98709363428721,10.628167955278494
51.36802273075587,93.95995460381674,34.672022665427384
93.6811818830584,73.63339180639136,12.68542631055023
17.826011405042507,130.97844779881308,31.195540796144435
30.965406851201898,131.0313052419289,18.003287906869193
20.212503214082727,140.4765017013103,19.310995084606972
16.656932584819792,147.08002488062266,16.26304253455759
21.209111454819357,122.49624510058247,36.29464344459819
31.558158861279814,138.9768701638546,9.464970974865535
25.458556818398698,117.67915824391655,36.86228493768476
16.85460233390386,157.0628829912524,6.082514674843766
13.139395446159366,148.88641223082996,17.974192323010683
2.3864918090403,170.2262101457181,7.387298045241652
1.1690788202229376,175.31037234797975,3.520548831797822
39.03512285986183,68.64935353325883,72.31552360687934
13.732147456237334,158.61641204068064,7.6514405030819965
43.28456822344116,69.27527460463696,67.44015717192188
0.9714090711389354,178.39104348375315,0.6375474451081039
10.75290363711915,33.13313910520383,136.11395725767701
14.308474266382063,40.56439778347359,125.12712795014437
52.174518306021206,35.68893494532611,92.13654674865268
0.5927520100769089,178.4744710120278,0.9327769778947986
56.42396366960053,37.13257284369612,86.44346348670337
14.110804517297986,141.47552616775695,24.413669314945064
3.5555706292629625,95.91849733085593,80.52593203988118
41.42161466890206,47.760022327227176,90.81836300387077
11.345655647197042,158.4567389042394,10.197605448563493
45.6710600324814,49.78407569987886,84.54486426763975
3.357900880178863,172.97110556802514,3.6709935517959478
37.86604403963915,46.993181780595116,95.14077417976576
14.901226276460024,151.828807949411,13.26996577412901
42.11548940321849,49.4978037458118,88.38670685096973
0.1976697490851302,179.5815358299492,0.22079442096624718
52.767270316099186,107.30578678280641,19.926942901094407
4.249445363579331,113.37762302517974,62.37293161124092
38.0637137887232,122.96986813209594,18.966418079180865
57.016715679678505,21.22855066405605,101.75473365626544
14.703556527375982,65.07303816727774,100.22340530534626
42.31315915230253,116.66868992183589,21.018150925861566
6.160742626808434,144.97259733154013,28.86666004165139
166.41513768749138,9.16480388651823,4.420058425990435
140.58730380285732,19.72578615920483,19.68691003793785
101.45312408049851,30.646272445290748,47.90060347421075
36.00433711056109,91.68825117238882,52.30741171705011
69.77268372803545,52.80315996703445,57.424156304930094
75.00339303278163,53.95070740277324,51.045899564445136
128.45511463420462,32.174978571991026,19.36990679380435
26.796239088110706,140.61246530151635,12.591295610372969
129.3218850228157,32.56876811024923,18.109346866935095
49.22173940133974,110.99626635041207,19.781994248248175
160.25439506068295,12.559427213929366,7.186177725387671
134.42656117604884,20.73308231117872,24.840356512772424
95.29238145369,28.646039773768404,56.0615787725416
29.84359448375258,81.5643846672801,68.59202084896735
63.61194110122692,47.764404846257186,68.6236540525159
68.84265040597312,49.99821410640012,61.15913548762677
122.29437200739609,33.54898416878723,24.15664382381668
20.635496461302214,146.2487878212745,13.11571571742332
123.16114239600721,34.163675079106,22.675182524886786
43.06099677453122,113.6943430654835,23.2446601599853
25.827833884634117,20.5418620584821,133.6303040568838
64.96201360699295,19.31472553934738,95.7232608536597
130.4108005769304,18.434258846032076,31.154940577037564
96.64245395945603,23.33968075196144,60.017865288582556
91.41174465470984,26.416414204499937,62.171841140790235
37.960023053286854,50.96299997991778,91.07697696679539
139.6188985993807,23.759527999357708,16.62157340126159
37.09325266467575,56.73238896888728,86.17435836643699
117.19339828615175,36.40582617146189,26.400775542386373
39.134179722358844,42.75213649936321,98.11368377827796
104.58296669229627,42.80499394247905,32.6120393652247
70.8146200748219,52.25019040186042,56.93518952331768
65.58391077007572,58.85371358117275,55.56237564875155
12.132189168652733,149.27744359996765,18.59036723137964
113.79106471474661,50.75055886440469,15.458376420848733
11.265418780041689,154.09453045663352,14.640050763324835
91.36556440151762,68.83657169180249,19.797863906679893
65.44878696993742,81.96826924869646,32.58294378136614
31.680440352463044,103.30806716358455,45.011492483952395
26.449731047716867,117.77148466988687,35.778784282396245
27.001990553706115,135.56749651539238,17.430512930901532
74.65688499238777,91.69826905854706,13.644845949065171
27.868760942317234,136.19341758677047,15.937821470912317
52.231384679158786,114.69081353411319,13.077801786728022
33.768346617474364,47.7418905635593,98.48976281896635
38.999055922220535,55.17314924182906,85.82779483595041
92.45077752364354,50.29768640368162,37.25153607267487
9.208098022450375,163.86571955367086,6.926182423878885
93.31754791225462,51.741324302051595,34.94112778569378
13.21740229077865,156.0842776261124,10.698320083108921
5.230709304746217,133.54269176956657,41.22659892568725
58.68243090616918,85.38421676593788,35.93335232789295
42.97644463992476,120.83254446552863,16.19101089454665
59.549201294780275,87.40827013858957,33.04252856663015
20.55094432669575,149.4046999932642,10.04435568004009
53.451721601422996,86.2925148947891,40.25576350378792
48.20715394467093,112.52947483521696,19.263371220112134
54.3184919900341,88.79713686000576,36.884371149960145
25.781653631441905,140.282202715756,13.936143652802057
101.65887554609391,52.420776106828576,25.92034834707753
0.8667703886110191,168.26263370115726,10.870595910231645
79.23337523286487,68.08485745611812,32.681767311017
102.525645934705,27.221956110039162,50.252397955255844
22.425500313229026,71.06644361326086,86.50805607351012
80.100145621476,65.1663542208263,34.73350015769771
135.807793445022,41.426087255580676,2.7661192993972525
125.24681117233533,49.599742352830056,5.153446474834539
114.32632488624931,57.51269981541986,8.160975298330893
53.28434615915124,110.43104470893154,16.284609131917243
92.16943736450557,76.63106488790866,11.199497747585758
91.02188992876684,78.86487414805154,10.113235923181627
112.79761875954898,62.41564421043871,4.786737030012344
4.360132030023317,175.11544786292635,0.5244201070499392
112.40382922129092,63.030335120757364,4.5658356579516655
33.97633098112793,142.56100310713498,3.4626659117371177
10.560982272686674,16.121803632491797,153.3172140948216
21.481468558772605,14.894667113357029,143.6238643278704
82.52344728587066,14.014200420041691,83.46235229408765
43.63835608051628,18.9196223259711,117.44202159351262
44.78590351625506,21.996355778509606,113.21774070523536
23.010174685472855,46.54294155392745,110.44688376059969
131.44766141499812,19.339469573367353,29.212869011634556
23.403964223731055,52.31233054289693,104.28370523337203
101.8314624638939,31.98576774547153,46.18276979063457
10.920486286085891,23.065226461425407,146.01428725248866
71.96246501318402,23.118083904541205,84.91945108227478
33.07737380782963,32.56328036392258,114.35934582824775
34.22492124356842,39.16680354323489,106.60827521319669
12.449192412786218,129.59053356202983,37.96027402518397
120.88667914231151,31.06364882646682,28.049672031221668
12.842981951044445,134.4076204186957,32.749397630259885
91.27048019120726,49.14966165386464,39.5798581549281
61.04197872709806,34.06766577448568,84.89035549841626
22.15688752174371,55.407463689373785,102.43564878888252
23.30443495748249,69.87088119567609,86.82468384684141
1.5287061267003053,176.53190001039653,1.9393938629029754
109.96619285622559,43.797665584336265,26.236141559438153
1.9224956649585805,175.90597893901844,2.1715253960230956
80.34999390512134,66.79021005990245,32.859796034976206
38.88509120535436,100.04930228060942,41.06560651403623
37.73754376961559,107.48056095887915,34.78189527150528
59.513272600397784,102.6050981207317,17.88162927887052
48.924214129127506,111.55830783662068,19.517478034251823
59.11948306213961,104.04873601910168,16.831780918758696
19.308015178023282,151.60831065683746,9.083674165139314
1.1475474357388065,169.03315192550303,9.819300638758191
20.62818139504342,142.808373070868,16.563445534088615
87.80930533448189,63.408388160598506,28.782306504919614
20.234391856785255,144.83242644351964,14.933181699695115
58.19310638337763,91.98054368833408,29.826349928288305
21.775728830782214,137.33841445923423,20.88585670998358
86.66175789874309,61.48357527077181,31.854666830485115
21.381939292524024,139.84303642445087,18.775024283025097
57.045558947638845,89.23630315131089,33.71813790105027
108.43748672952529,33.05086931302421,38.5116439574505
0.3937895382583145,172.36745950503746,7.238750956704374
78.82128777842104,48.71495066231377,52.46376155926519
108.0436971912671,39.81325172041213,32.143051088320775
29.616198951104263,83.65773922363385,66.72606182526191
78.42749824016286,47.05700735389126,54.51549440594589
8.173655097249362,13.355684333094407,158.47066056965622
16.08661255983903,12.128547813959663,151.7848396262013
69.00495745335071,11.248081120644411,99.74696142600492
35.204977632327804,16.15350302657376,128.64151934109842
37.438786892470745,19.23023647911228,123.330976628417
20.98955695485785,43.7768222545301,115.23362079061205
133.68936060734504,16.573350273970014,29.737289118684924
21.60424786517662,49.546211243499606,108.84954089132377
101.13491585155413,29.219648446074217,49.64543570237166
7.912957462589668,17.911779986590737,154.1752625508196
60.83130235610138,17.964637429706606,101.20406021419204
27.031322535078466,27.40983388908795,125.55884357583358
29.26513179522141,34.013357068400296,116.72151113637833
12.81590185760849,124.43708708719517,42.747011055196346
125.51570551009576,25.910202351632222,28.574092138272036
13.430592767927289,129.2541739438611,37.31523328821162
92.96126075430479,43.99621517903004,43.04252406666518
52.918344893511666,25.90669047615484,101.17496463033349
19.11836507248875,47.24648839104293,113.6351465364683
21.352174332631705,61.70990589734527,96.93791977002303
4.90294439501886,168.37092471206594,6.726130892915248
117.60274804750605,35.63669028600542,26.760561666488503
5.517635305337556,167.7450036406879,6.7373610539745075
85.04830329171509,58.62923476157161,36.3224619467133
33.7999798210229,116.33391141252666,29.866108766450466
31.566170560879964,123.76517009079642,24.668659348323636
48.01540049849289,118.88970725264893,13.094892248858176
64.68440315399438,95.27369870470342,20.041898141302205
47.40070958817408,120.33334515101896,12.265945260806955
32.12995839820345,135.3237015249202,12.54634007687637
2.2338092601428885,157.83365417791765,19.932536561939415
14.215420677469949,154.00787081845374,11.776708504076286
98.4843829750173,52.20889041301273,29.306726611969975
13.600729767151163,156.03192419110547,10.367346041743335
65.92993821922633,80.78104594074829,33.289015840025385
16.449229937612902,147.45165038241583,16.099119679971295
96.25057371487433,51.370339347590175,32.37908693753548
15.83453902729411,149.95627234763253,14.209188625073349
63.69612895908338,79.12306722812926,37.18080381278735
112.69980365248725,28.264132283011893,39.03606406450087
0.6146909103181023,167.58072247502625,11.804586614655
80.14535889669628,43.92821363230146,55.926427471002285
112.08511274216845,40.337671827462515,27.577215430369037
32.55444475579097,84.18215933068421,63.26339591352482
79.53066798637752,42.49117169593951,57.978160317682985
1.2271365191350345,176.38244055624682,2.3904229246182487
2.107603212449854,176.4352979993628,1.4570987881870765
2.797818693479159,174.1195055412557,3.082675765264893
5.874552146017805,167.51598236194351,6.609465492038693
30.42113792143567,77.0922523431486,72.48660973541574
3.217665940875807,175.61913707871128,1.1631969804129005
36.19052691040517,72.27516548648268,71.53430760311214
15.863964112979803,157.53312425131375,6.602911635706499
0.8804666933151909,177.69153010235632,1.4280032043284336
4.0249552126140165,160.96867198275584,15.00637280463012
7.101688665152584,146.5052544764535,26.393056858393948
31.648274440570408,39.84423566173271,108.50748989769687
4.4448024600103535,172.57847008779316,2.9767274521964913
37.4176634295399,40.47015673311082,102.11217983734926
17.091100632114493,149.58592561222713,13.322973755658367
4.9054219059293445,16.58694998652175,158.50762810754892
7.982155358467897,24.018208664791487,147.99963597674065
32.52874113388573,19.142745826644052,128.32851303947024
5.325269153325696,164.9793398692916,9.695390977382761
38.29813012285522,20.586383725014038,121.11548615213076
17.971567325429834,124.92933704907487,37.0990956254953
3.076733452538571,73.52482648098403,103.39844006647746
27.623319227956348,25.366351477355327,127.01032929468833
0.4198472473963757,179.14959024588717,0.4305625067168595
33.39270821692585,27.39040485000701,119.21688693306713
13.066145419500465,150.57743471815328,16.356419862346264
24.546585775417856,24.120673753998858,131.3327404705833
2.656886205142397,174.70131597600695,2.6417978188507094
30.315974764387324,26.62529571921555,123.05872951639711
9.989411966961955,157.54595614345374,12.46463188958433
27.203471980560145,143.49775307362393,9.298774945815982
5.769388988969459,77.1856567343622,97.0449542766683
14.55717380845588,159.16183442291353,6.280991768630543
32.97286096952962,10.600382708777643,136.4267563216928
12.646298172104206,54.44487021199933,112.90883161589646
20.32656279742541,151.34071258726325,8.332724615311374
0.05285744311003872,179.91804697303476,0.02909558387270321
9.49805390249716,158.57824905813757,11.92369703936521
16.101577081809516,144.11483155183518,19.783591366355317
106.52530710060445,37.45381273711441,36.020880162281145
7.998422365041456,170.188047163175,1.813530471783387
111.34239395727036,38.07973380849253,30.577872234237116
26.084435192439305,147.19550268760884,6.720062119951854
9.445196459381314,15.129851198334615,155.42495234228406
16.04871963869369,22.56110987660435,141.390170484702
106.47244965748858,17.685647038456924,55.84190330405451
7.945564921925638,163.52224108110454,8.532193996969797
111.28953651415449,19.129284936826927,49.5811785490186
26.031577749323443,123.47223826088775,30.496183989788822
6.603523179312372,76.60750224624886,96.78897457443885
97.0272531981072,28.449027242620218,54.5237195592726
1.499631537456043,177.76773398884566,0.7326344736979208
101.84434005477313,30.4730806152719,47.68257932995499
16.586381289942093,153.66011048341815,9.753508226639761
90.4237300187949,30.73013924603753,58.84613073516756
8.103154716768119,168.09185048396847,3.8049947992634645
95.24081687546084,33.23476121125422,51.524421913284954
9.982858110629774,164.15542163549242,5.861720253877887
98.52688473556297,71.0111433382082,10.46197192622884
4.817086856665917,149.67226646977795,25.510646673556135
80.44087190816515,86.67522468749776,12.883903404337085
103.34397159222887,11.763579689190435,64.89244871858067
18.086012827397806,55.60806719241217,106.30591998019001
85.2579587648311,79.80640498415111,14.93563625101781
21.339797914888088,15.158946782193164,143.5012553029188
35.80321542119043,22.590205460462908,121.60657911834666
142.4642342359112,17.714742622315462,19.821023141773328
9.729999809850561,163.55133666496315,6.718663525186256
141.83831316453308,19.15838052068546,19.003306314781483
32.72254428541676,123.5013338447463,23.77612186983695
14.463417506302326,88.53119928561419,77.00538320808349
121.12443632102308,40.37272428198548,18.502839396991437
11.609798105037585,165.84403694948097,2.546164945481518
120.49851524964498,42.39677765463716,17.104707095717867
11.382746370528626,165.58380752278342,3.033446106687812
106.66101881472076,50.513730612392834,22.825250572886414
26.073215611339837,148.30825911761323,5.618525271046909
106.03509774334265,53.01835257760951,20.94654967904785
3.0806711357735663,176.06098699815226,0.8583418660745228
132.7342344260606,34.990263175927055,12.275502398012337
0.6259210713779926,174.30685336794065,5.067225560681145
109.74168995049442,50.654344525216615,19.603965524288967
132.10831335468248,13.577110160973943,34.314576484343554
22.99254447556616,57.4215976641957,99.58585786023814
109.11576887911633,49.22853274991401,21.65569837096968
7.431258678269706,127.9675454114671,44.60119591026315
2.55579584012229,176.12602041509604,1.3181837447821076
148.39238988277003,22.342781646562226,9.264828470667759
3.9994337384922294,174.1019670424441,1.8985992190637249
108.34238706255314,50.91493717429783,20.742675763149037
4.8754628381474285,172.12030973073962,3.0042274311130504
140.96113120450022,26.701679999266513,12.337188796233242
3.4318249397773775,174.62493169595615,1.943243364266201
100.91112838428339,54.45440787980563,24.634463735911016
145.83659404264762,15.1692400341537,18.99416592319865
1.4436378983700546,154.48583022616748,24.070531875462564
105.78659122243083,30.833321383443256,43.38008739412592
144.39295614427763,20.295773686160317,15.31127016956205
40.05000282021681,64.14026118938203,75.80973599040118
104.34295332406086,30.22522643513253,45.43182024080662
48.15847500362871,127.51911382047633,4.3224111758949455
105.6247637649047,71.3028759095298,3.072360325565622
46.13442163097701,130.02373578569302,3.841842583330084
77.05260823716925,99.05560379006879,3.891787972761917
153.7832387685335,16.487423778935607,9.729337452530892
2.0240533726518963,155.80401397094948,22.17193265639881
125.21108324079795,32.151505128225175,22.637411630976878
151.75918539588173,11.0309452154925,17.20986938862573
28.572155527735546,54.87543271871422,96.55241175355023
123.1870298681463,32.12382565419614,24.689144477657596
161.178010269994,12.165012603040672,6.656977126965386
2.5046219652165362,151.48160279505453,26.01377523972881
133.42528238945488,27.829093952330187,18.745623658214917
158.67338830477726,7.958584889927007,13.368026805295731
27.75272788053909,51.80307239314873,100.44419972631218
130.92066042423824,28.281983070866154,20.797356504895603
139.31659019201368,1.3016077629616367,39.38180204502468
15.664081349289514,45.14609526618334,119.1898233845271
123.65250884272459,54.29575831059471,2.0517328466807676
43.84448750322176,14.91395626557051,121.24155623120778
