Andromeda,17.402243654293315,5.95958225677371,156.63817408893286
Andromeda,50.34654299898444,10.259165331395375,119.39429166962019
Andromeda,134.26726999367523,11.6793728538335,34.05335715249121
Antlia,158.79490226177225,18.413196439945533,2.791901298282131
Antlia,138.1430958336366,34.466600202335634,7.390303964027769
Antlia,104.84916198545888,66.70527172845196,8.445566286089207
Apus,25.57259645229351,23.368303681103416,131.05909986660305
Apus,17.642143228525438,57.36768911473699,104.99016765673758
Apus,15.524530588131556,80.88887864665,83.58659076521843
Aquarius,0.16580725921391185,179.7169436967226,0.1172490440626241
Aquarius,129.60344990607473,36.89281245180994,13.503737642115366
Aquarius,1.5551482516048705,177.9966829912775,0.44816875711760945
Aquila,4.697118174990498,39.920392139985424,135.38248968502418
Aquila,34.61946562345974,21.179575417423308,124.20095895911696
Aquila,42.82024400825846,19.251562549046316,117.92819344269519
Ara,103.32453126189071,4.201037111832184,72.47443162627721
Ara,142.14994875078187,17.163639129926572,20.686412119291568
Ara,21.808981355776258,102.52504785200594,55.66597079221783
Aries,7.971037218519808,170.2140470912733,1.8149156902067716
Aries,11.750639966150537,164.9467428370469,3.3026171968024762
Aries,55.8502025141765,102.029698714695,22.1200987711285
Auriga,46.0821357856668,56.70009134609061,77.21777286824259
Auriga,3.1388597386875956,166.8731988819241,9.987941379388307
Auriga,83.60155023251791,58.659074849766036,37.73937491771605
Bootes,82.49463101590136,31.29906366991343,66.20630531418524
Bootes,120.6033500247445,27.409546430766007,31.98710354448947
Bootes,81.9076046358021,38.877599144773185,59.21479621942474
Caelum,32.68187839142991,112.77435043338748,34.54377117518263
Caelum,34.85180331170893,124.34044569330881,20.807750994982264
Caelum,2.1699249202791244,172.79993997200265,5.030135107718381
Camelopardalis,28.840642028695473,129.381579812858,21.777778158446505
Camelopardalis,41.26246825465617,124.90772870457445,13.829803040769411
Camelopardalis,11.603253014820105,160.69805650800214,7.698690477177802
Cancer,33.47049646870958,30.973892252376984,115.55561127891343
Cancer,37.46748514948369,53.70299015700691,88.8295246935094
Cancer,17.993934040234162,135.17419939475386,26.831866565011957
Canes Venatici,16.655161529500425,130.82053274972628,32.524305720773306
Canes Venatici,60.302432508324024,51.72487664398991,67.97269084768607
Canes Venatici,55.34096863242391,58.58822570581144,66.07080566176464
Canis Major,61.03592457001635,65.17958332000676,53.78449210997688
Canis Major,26.929099493742314,92.45370447760904,60.61719602864864
Canis Major,84.70227429591989,70.44203949108481,24.855686212995305
Canis Minor,44.123441597517186,96.49586982605362,39.38068857642921
Canis Minor,54.529758727732236,109.0636701653042,16.406571106963558
Canis Minor,28.135909569559328,147.5295534032578,4.33453702718288
Capricornus,40.96228937902286,119.97864945184988,19.059061169127293
Capricornus,18.258447025216697,160.88686576405593,0.8546872107270252
Capricornus,15.840306506778479,163.3490583132442,0.810635179977305
Carina,105.63267880472706,24.24092422269898,50.12639697257396
Carina,117.29952784122986,23.87266007916297,38.82781207960719
Carina,132.22210693699822,22.90154314173143,24.87634992127038
Cassiopeia,26.123071823311317,34.44468152997651,119.43224664671219
Cassiopeia,9.259124621937165,159.2505889916448,11.490286386418052
Cassiopeia,12.681549981699183,136.38883282795823,30.929617190342594
Centaurus,132.15807337578863,18.147736781887534,29.694189842323844
Centaurus,149.23420345125118,19.728932311142287,11.036864237606553
Centaurus,29.146388521726,67.03242527239851,83.82118620587548
Cepheus,42.50454987198888,74.41178749940111,63.083662628610014
Cepheus,3.221408366958148,172.89513693184034,3.8834547012014555
Cepheus,25.386724965264026,110.40602302214782,44.20725201258817
Cetus,134.36647452911384,23.727480507250046,21.906044963636127
Cetus,31.6436713434408,120.93204885434025,27.424279802218948
Cetus,140.85697801028854,33.007688591978855,6.135333397732599
Chamaeleon,3.4754290563034944,4.802657108431077,171.7219138352656
Chamaeleon,57.29365540065473,3.072988603213887,119.63335599613148
Chamaeleon,38.65111408208646,8.317757769245816,133.03112814866776
Circinus,98.46995470187176,45.229583662874866,36.30046163525338
Circinus,117.44375190498965,54.236782325173785,8.319465769836555
Circinus,115.61983534806173,56.11504962178159,8.265115030156702
Columba,27.267502414000933,58.805063919922,93.92743366607708
Columba,8.124344989363376,165.24346400036896,6.63219101026765
Columba,20.45617582762743,113.4830375757816,46.06078659659097
Coma Berenices,7.45037061886752,22.59831034156513,149.9513190395673
Coma Berenices,12.791350766258853,20.49454522803713,146.714104005704
Coma Berenices,11.51417149785685,28.137646098401873,140.3481824037413
Corona Australis,115.38459356655324,24.798055512321447,39.81735092112531
Corona Australis,2.0397263433410875,175.61710795349492,2.3431657031639292
Corona Australis,109.32207531035158,44.227484020508605,26.45044066913982
Corona Borealis,8.724004817454905,41.20327522052829,130.0727199620168
Corona Borealis,2.92216114430226,169.46535878198398,7.612480073713783
Corona Borealis,80.01012960879657,26.01192325590722,73.9779471352962
Corvus,10.606212375012989,167.06617177589035,2.327615849096573
Corvus,33.91649736156143,141.92904430190225,4.15445833653639
Corvus,20.78713745737479,157.1135339850398,2.0993285575854443
Crater,77.56779736306986,53.584932335923824,48.847270301006326
Crater,27.891615187354834,130.18391756982123,21.924467242823944
Crater,101.66915543463443,60.1465299911367,18.18431457422886
Crux,137.29566798574055,19.95695693084772,22.747375083411715
Crux,46.64718411949456,69.92347714074509,63.429338739760354
Crux,105.17214347572477,40.18148329930178,34.64637322497345
Cygnus,2.9229686566515753,173.73278982804717,3.344241515301069
Cygnus,28.663051934593188,147.33493981505416,4.002008250352795
Cygnus,22.475546345976337,153.77869414638425,3.7457595076394634
Delphinus,67.73341172668763,43.67802434046301,68.58856393284935
Delphinus,116.29156504641114,32.08218715606604,31.626247797522833
Delphinus,164.03366725154265,14.549427062372713,1.4169056860846532
Dorado,8.508522513597196,164.32945483152986,7.162022654872971
Dorado,0.6597720851965022,179.07093293967324,0.2692949751300852
Dorado,1.7959908882739923,177.61082797667245,0.5931811350531533
Draco,51.365444941892456,121.3083415380255,7.326213520082081
Draco,44.61328722705988,127.07783572210818,8.308877050831924
Draco,39.19249690049431,132.65044683354702,8.15705626595865
Equuleus,43.42250656802947,122.33569349375777,14.241799938212791
Equuleus,119.00743765662845,47.1267364960759,13.865825847295657
Equuleus,41.51328698238665,126.99697483769091,11.489738179922481
Eridanus,4.878669612011844,169.85049048136915,5.270839906619213
Eridanus,2.663957415036314,176.43996688355867,0.8960757014051122
Eridanus,7.667008880828788,167.40457485444588,4.9284162647253575
Fornax,161.57824493497725,7.855903813731827,10.565851251290828
Fornax,47.8929740296285,37.9590190014665,94.14800696890502
Fornax,32.610549741581686,111.28245160881907,36.10699864959924
Gemini,30.62507266615006,32.77240694905364,116.60252038479632
Gemini,12.004799341305548,139.79646622380986,28.198734434884617
Gemini,123.63726685943159,36.018399959454634,20.34433318111378
Grus,22.810822254871912,149.79597718162904,7.39320056349902
Grus,4.528272639359348,171.18716957024958,4.28455779039107
Grus,1.659376375412134,176.21604091684637,2.124582707741219
Hercules,148.1811460716596,27.132317586936043,4.686536341404282
Hercules,130.2780279597548,40.08161928586933,9.640352754375867
Hercules,132.21386348240108,39.30469796956011,8.48143854803879
Horologium,143.22734360639498,31.412539360602448,5.36011703300259
Horologium,136.00229544517882,39.05179150794933,4.945913046871812
Horologium,132.3509432053084,41.83563671314833,5.813420081543334
Hydra,134.10946374663945,23.510401201401,22.38013505195955
Hydra,35.34433565243231,110.946630989936,33.70903335763172
Hydra,58.46472273479281,83.06682552147531,38.46845174373189
Hydrus,31.866675057053257,100.55784621635695,47.5754787265898
Hydrus,18.75837918041353,113.36314507347862,47.87847574610785
Hydrus,29.889316866031773,134.5217013410132,15.588981792955039
Indus,31.749939007436435,120.54682389531582,27.70323709724776
Indus,39.57553694357231,124.63651243590024,15.787950620527454
Indus,34.78858884749585,131.97089123731695,13.240519915187184
Lacerta,2.1810354625335906,175.50160337599004,2.3173611614767564
Lacerta,6.95191553999323,165.3718404714893,7.6762439885175295
Lacerta,39.8887176883838,50.32322627528128,89.78805603633494
Leo Minor,140.5216560776691,21.899899630003034,17.57844429232782
Leo Minor,5.486984247510186,168.96380762345746,5.549208129032294
Leo Minor,4.498636766662559,171.2746554786725,4.226707754664895
Leo,28.64921280112894,54.670557596639185,96.68022960223186
Leo,67.92688459290402,33.05402059329831,79.01909481379765
Leo,13.965605839077734,151.20137499147233,14.833019169449976
Lepus,30.32537946346863,143.36165116796272,6.312969368568571
Lepus,7.072619674424489,171.39434960279326,1.533030722782167
Lepus,33.17351551539484,136.38368696736853,10.442797517236592
Libra,10.377979152909415,163.79999147858874,5.822029368501802
Libra,31.94997144633316,132.44531282262395,15.604715731042907
Libra,18.616579698424157,155.4680975427814,5.915322758794372
Lupus,109.77018842940282,27.245314762860808,42.98449680773637
Lupus,84.23707967503474,40.44984406890838,55.313076256056895
Lupus,27.110986878419965,109.3547330169846,43.534280104595474
Lynx,36.945627236523684,126.81105516996575,16.243317593510557
Lynx,16.114881689437937,160.92264379867402,2.9624745118880944
Lynx,25.60152181455724,148.51846488600697,5.880013299435753
Lyra,9.147946092658762,139.25365305852395,31.598400848817295
Lyra,60.86961349215417,67.55120722834684,51.57917927949899
Lyra,6.480327215867043,153.4867884645223,20.032884319610574
Mensa,2.24482861508309,167.52390228472999,10.231269100187017
Mensa,1.418348204716087,175.54858465112272,3.0330671441613872
Mensa,55.14376723277052,27.652405216982746,97.20382755024673
Microscopium,151.11513226322117,11.230111916765532,17.654755820013282
Microscopium,144.39487247812562,16.39403962011186,19.211087901762582
Microscopium,85.61889357737381,65.14884420350037,29.23226221912581
Monoceros,60.07828043891832,99.38022485840322,20.54149470267847
Monoceros,72.18043592929,98.66229113377942,9.1572729369306
Monoceros,23.943818391065797,152.46407121116093,3.5921103977733173
Musca,3.035463836382436,173.19187330538116,3.772662858236368
Musca,39.46333413694325,87.34580448659338,53.190861376463374
Musca,77.65287705293515,52.83728149892499,49.50984144813988
Norma,22.171503731702106,131.0977890367774,26.730707231520466
Norma,41.08959798471116,100.70170539028304,38.20869662500582
Norma,14.322978339239056,152.31381289773464,13.363208763026357
Octans,16.396036054961307,112.42774574612496,51.17621819891372
Octans,23.906163753244154,96.06740287088982,60.02643337586604
Octans,7.510127698282832,72.12009107894082,100.36978122277635
Ophiuchus,12.570211372555088,155.15709491902248,12.272693708422514
Ophiuchus,87.16962406399321,42.6541896221613,50.1761863138455
Ophiuchus,19.598927479860535,149.62295944322466,10.778113076914774
Orion,96.91122711902469,63.30648316485024,19.78228971612509
Orion,105.10374315166669,58.05625683216142,16.840000016171896
Orion,27.899272140876718,148.69908401599463,3.4016438431286735
Pavo,70.2640615397039,90.83350562758719,18.90243283270889
Pavo,74.48483488309671,90.36931661632377,15.145848500579518
Pavo,0.5756884543145903,177.0096550248345,2.414656520850955
Pegasus,130.69713895091013,47.172399536540425,2.130461512549595
Pegasus,87.85241457170153,82.38581065325623,9.761774775042301
Pegasus,101.95959056855575,72.45062057561886,5.589788855825367
Perseus,158.68514069071404,17.84392235830426,3.470936950981738
Perseus,149.52442187482268,24.448923716972335,6.026654408204963
Perseus,127.1098978963077,38.9115002456081,13.978601858084183
Phoenix,74.73025756588842,97.17491913837785,8.094823295733775
Phoenix,85.45499346000192,84.54474233481227,10.00026420518583
Phoenix,61.75495793653641,108.89355829604052,9.351483767423087
Pictor,8.472069847856638,114.54130733784385,56.98662281429952
Pictor,30.182821530889107,101.09555199914004,48.72162646997086
Pictor,59.24761188575867,88.19796343263995,32.554424681601375
Pisces,24.998494063346165,126.8121979880955,28.189307948558355
Pisces,29.46522138476665,135.84667402386157,14.688104591371825
Pisces,12.309415722453084,164.5898109010335,3.1007733765134207
Piscis Austrinus,3.0079501040729157,171.2267186863339,5.765331209593485
Piscis Austrinus,135.39272958094972,19.023738478465916,25.583531940584383
Piscis Austrinus,12.7385027911875,155.89376453662246,11.367732672190089
Puppis,5.170455779630438,170.86365427869055,3.9658899416790923
Puppis,103.023079670605,42.63477964336632,34.34214068602869
Puppis,0.7638984609308359,178.85117444476052,0.3849270943093945
Pyxis,166.56897112931844,9.399227772607823,4.0318010980737
Pyxis,146.96613707220277,19.777882141908957,13.255980785888276
Pyxis,138.63315169904263,22.289351681693745,19.077496619263663
Reticulum,0.07956235176853578,179.51025684283576,0.4101808053947019
Reticulum,13.531611587296057,135.35067600425336,31.117712408450632
Reticulum,41.33613693808333,86.37325555342639,52.29060750849029
Sagitta,3.136204181021247,174.7903267198822,2.073469099096374
Sagitta,3.0734555449836476,175.26316641715653,1.663378037859834
Sagitta,1.972435437769292,177.3815775089104,0.6459870533209552
Sagittarius,4.1521477668775555,51.102992024047126,124.74486020907521
Sagittarius,12.502020175323427,47.73087698586873,119.76710283880782
Sagittarius,21.063516627588005,34.30238603428109,124.6340973381309
Scorpius,11.216986418865911,79.52626848598233,89.25674509515176
Scorpius,8.435781713474857,131.86064728739905,39.70357099912613
Scorpius,22.887725734364718,123.95351224907203,33.158762016563244
Sculptor,144.47681646005972,11.319507021037943,24.203676518902387
Sculptor,140.24042166100085,14.539348153611282,25.220230185387855
Sculptor,109.11435457299069,18.99301158932871,51.89263383768061
Scutum,38.38364427198609,39.93159639885275,101.68475932916118
Scutum,24.6093111763578,64.76676395411765,90.62392486952454
Scutum,23.964758040834585,77.66464199304106,78.37059996612433
Serpens,45.63707837499409,63.05642365459043,71.30649797041548
Serpens,47.5882841516529,99.79825361707474,32.61346223127237
Serpens,54.3160655784814,104.39635196764631,21.287582453872304
Sextans,91.93417160305466,3.7764215344449115,84.28940686250043
Sextans,20.74041005672558,90.29315006544724,68.96643987782717
Sextans,92.9992346349541,51.34715864513543,35.65360671991046
Taurus,3.4811913763697193,43.861076402847004,132.65773222078332
Taurus,1.7075975236418768,151.08373356831484,27.208668908043165
Taurus,90.59432985886234,15.024265428208832,74.38140471292884
Telescopium,0.63912959538017,179.08914449018482,0.2717259144347415
Telescopium,156.60788171833332,20.870734085604955,2.521384196061892
Telescopium,71.79978497756709,86.58126445122821,21.6189505712047
Triangulum Australe,6.83757565492517,162.11183084137627,11.050593503698554
Triangulum Australe,24.172406268709068,137.65870374657695,18.16888998471399
Triangulum Australe,114.02048812851544,40.241405950835336,25.73810592064921
Triangulum,14.791636087108566,125.88896925398365,39.31939465890779
Triangulum,111.27419401328955,42.60905978930807,26.116746197402403
Triangulum,28.397621295029154,143.69884859420094,7.903530110769864
Tucana,38.01106211620406,127.03969037093592,14.949247512859982
Tucana,34.70926480499006,132.1960616426118,13.094673552398131
Tucana,86.65862660549287,79.22187975256209,14.119493641945017
Ursa Major,3.864672276043385,3.900493742381876,172.23483398157455
Ursa Major,125.57196610596198,17.470928127543377,36.95710576649465
Ursa Major,13.670765035940551,138.90049374238188,27.428741221677573
Ursa Minor,44.38832452528623,119.63511092215964,15.976564552554159
Ursa Minor,39.94401362445925,127.44691143119091,12.60907494434985
Ursa Minor,7.17534247991859,166.398183447666,6.426474072415274
Vela,152.4125930905569,26.456028973895613,1.1313779355472093
Vela,30.409792794976788,119.42217422568895,30.168032979334264
Vela,153.11112657186484,26.11076393616324,0.7781094919720117
Virgo,3.101903297692146,168.3239408658189,8.574155836488774
Virgo,61.80867345664173,37.06904245877088,81.12228408458739
Virgo,145.34644615616105,22.90777775119829,11.745776092640673
Volans,24.65589874408162,123.4533094540727,31.890791801845708
Volans,13.645281196751716,158.52559855009224,7.829120253156086
Volans,26.662578491457825,140.85861944966382,12.47880205887834
Vulpecula,12.163226812116086,162.8279371166979,5.008836071185961
Vulpecula,34.8524584842368,120.08487489589403,25.06266661986914
Vulpecula,20.11567215903444,154.52698840216667,5.357339438798971
